% time-domain voltage integration by openEMS v0.0.36-156-g1a4bf9e @Wed Apr 29 13:17:29 2026
% start-coordinates: (-0.00015,0.001,0) m -> [19,25,0]
% stop-coordinates: (-0.00015,0.001,0.001) m -> [19,25,1]
% t/s	voltage
0	-0
4.1664938566e-11	-4.99585439684e-08
8.3329877132e-11	-2.02827607154e-07
1.24994815698e-10	-5.01937165609e-07
1.66659754264e-10	-9.81324319582e-07
2.0832469283e-10	-1.53119663082e-06
2.49989631396e-10	-1.78130039785e-06
2.91654569962e-10	-9.51674110183e-07
3.33319508528e-10	2.14846181734e-06
3.74984447094e-10	8.80041898199e-06
4.1664938566e-10	1.95953634829e-05
4.58314324226e-10	3.31974879373e-05
4.99979262792e-10	4.5107844926e-05
5.41644201358e-10	4.72173560411e-05
5.83309139924e-10	2.91884789476e-05
6.2497407849e-10	-1.77781512321e-05
6.66639017056e-10	-9.53338458203e-05
7.08303955622e-10	-0.000192628343939
7.49968894188e-10	-0.000284396635834
7.91633832754e-10	-0.000335296848789
8.3329877132e-10	-0.000311036536004
