% time-domain voltage integration by openEMS v0.0.36-156-g1a4bf9e @Wed Apr 29 13:17:29 2026
% start-coordinates: (-0.00025,0.001,0) m -> [15,25,0]
% stop-coordinates: (-0.00025,0.001,0.001) m -> [15,25,1]
% t/s	voltage
0	-0
4.1664938566e-11	-8.06318354307e-08
8.3329877132e-11	-2.72259455869e-07
1.24994815698e-10	-6.2572371462e-07
1.66659754264e-10	-1.15109958188e-06
2.0832469283e-10	-1.67590042111e-06
2.49989631396e-10	-1.72165573531e-06
2.91654569962e-10	-3.71271028143e-07
3.33319508528e-10	3.65682672054e-06
3.74984447094e-10	1.15620514407e-05
4.1664938566e-10	2.35247716773e-05
4.58314324226e-10	3.73884395231e-05
4.99979262792e-10	4.75410561194e-05
5.41644201358e-10	4.48963037343e-05
5.83309139924e-10	1.89693200809e-05
6.2497407849e-10	-3.76477255486e-05
6.66639017056e-10	-0.000123401623568
7.08303955622e-10	-0.000223032053327
7.49968894188e-10	-0.000307259033434
7.91633832754e-10	-0.0003392980434
8.3329877132e-10	-0.000287700298941
