% time-domain current integration by openEMS v0.0.36-156-g1a4bf9e @Wed Apr 29 13:17:29 2026
% start-coordinates: (-0.0005,0.0009,0) m -> [8,23,0]
% stop-coordinates: (-0.00043,0.00102,0) m -> [11,26,0]
% t/s	current
3.4755537676e-15	0
4.16684141197e-11	8.157680087e-10
8.33333526857e-11	3.61015506378e-09
1.24998291252e-10	9.20172027463e-09
1.66663229818e-10	1.8397704693e-08
2.08328168384e-10	2.94043687177e-08
2.4999310695e-10	3.55502436378e-08
2.91658045516e-10	2.22596732158e-08
3.33322984082e-10	-3.34480638742e-08
3.74987922648e-10	-1.57402709533e-07
4.16652861214e-10	-3.63857964203e-07
4.58317799779e-10	-6.31579382571e-07
4.99982738345e-10	-8.78675848526e-07
5.41647676911e-10	-9.51033030105e-07
5.83312615477e-10	-6.45067757432e-07
6.24977554043e-10	2.22533103056e-07
6.66642492609e-10	1.70582927694e-06
7.08307431175e-10	3.61983120456e-06
7.49972369741e-10	5.49181277165e-06
7.91637308307e-10	6.63221862851e-06
8.33302246873e-10	6.34248772258e-06
