% time-domain current integration by openEMS v0.0.36-156-g1a4bf9e @Wed Apr 29 13:17:29 2026
% start-coordinates: (-0.0002,0.0009,0) m -> [17,23,0]
% stop-coordinates: (-0.00013,0.00102,0) m -> [20,26,0]
% t/s	current
3.4755537676e-15	0
4.16684141197e-11	1.01886987736e-09
8.33333526857e-11	4.10188061295e-09
1.24998291252e-10	1.0122030325e-08
1.66663229818e-10	1.97415825909e-08
2.08328168384e-10	3.07287493229e-08
2.4999310695e-10	3.56001166324e-08
2.91658045516e-10	1.86672313163e-08
3.33322984082e-10	-4.39571081756e-08
3.74987922648e-10	-1.77851688932e-07
4.16652861214e-10	-3.94576431972e-07
4.58317799779e-10	-6.66867606469e-07
4.99982738345e-10	-9.03982481759e-07
5.41647676911e-10	-9.43046075008e-07
5.83312615477e-10	-5.7714663626e-07
6.24977554043e-10	3.68826135855e-07
6.66642492609e-10	1.92576590052e-06
7.08307431175e-10	3.87365071219e-06
7.49972369741e-10	5.70433076064e-06
7.91637308307e-10	6.70980898576e-06
8.33302246873e-10	6.2059798438e-06
