% time-domain voltage integration by openEMS v0.0.36-156-g1a4bf9e @Wed Apr 29 13:17:29 2026
% start-coordinates: (-0.00045,0.001,0) m -> [10,25,0]
% stop-coordinates: (-0.00045,0.001,0.001) m -> [10,25,1]
% t/s	voltage
0	-0
4.1664938566e-11	-3.98878334806e-08
8.3329877132e-11	-1.78382023819e-07
1.24994815698e-10	-4.560657203e-07
1.66659754264e-10	-9.14148927222e-07
2.0832469283e-10	-1.46459126427e-06
2.49989631396e-10	-1.77763286047e-06
2.91654569962e-10	-1.12899806481e-06
3.33319508528e-10	1.62636320056e-06
3.74984447094e-10	7.7814074757e-06
4.1664938566e-10	1.8060716684e-05
4.58314324226e-10	3.14288117806e-05
4.99979262792e-10	4.38292481704e-05
5.41644201358e-10	4.75932829431e-05
5.83309139924e-10	3.25545333908e-05
6.2497407849e-10	-1.04900773295e-05
6.66639017056e-10	-8.43449306558e-05
7.08303955622e-10	-0.000179911381565
7.49968894188e-10	-0.000273702898994
7.91633832754e-10	-0.000331315444782
8.3329877132e-10	-0.000317752070259
