% time-domain current integration by openEMS v0.0.36-156-g1a4bf9e @Wed Apr 29 13:17:29 2026
% start-coordinates: (-0.0003,0.0009,0) m -> [13,23,0]
% stop-coordinates: (-0.00023,0.00102,0) m -> [16,26,0]
% t/s	current
3.4755537676e-15	0
4.16684141197e-11	-2.35238140078e-09
8.33333526857e-11	-8.59136939368e-09
1.24998291252e-10	-2.11212594081e-08
1.66663229818e-10	-4.05267037706e-08
2.08328168384e-10	-6.22864391175e-08
2.4999310695e-10	-7.05204641349e-08
2.91658045516e-10	-3.30356684231e-08
3.33322984082e-10	9.83168746416e-08
3.74987922648e-10	3.74027081307e-07
4.16652861214e-10	8.14016402728e-07
4.58317799779e-10	1.35833329296e-06
4.99982738345e-10	1.81833524948e-06
5.41647676911e-10	1.86300781024e-06
5.83312615477e-10	1.07941548322e-06
6.24977554043e-10	-8.71288477811e-07
6.66642492609e-10	-4.02850901082e-06
7.08307431175e-10	-7.92427454144e-06
7.49972369741e-10	-1.15203356472e-05
7.91637308307e-10	-1.3398419469e-05
8.33302246873e-10	-1.2216621144e-05
