% time-domain current integration by openEMS v0.0.36-156-g1a4bf9e @Wed Apr 29 13:24:32 2026
% start-coordinates: (-0.0005,0.0009,0) m -> [14,23,0]
% stop-coordinates: (-0.00043,0.00102,0) m -> [17,26,0]
% t/s	current
3.4755537676e-15	0
4.16684141197e-11	5.79647219112e-10
8.33333526857e-11	2.99282998384e-09
1.24998291252e-10	8.01398414296e-09
1.66663229818e-10	1.66104818788e-08
2.08328168384e-10	2.75063278821e-08
2.4999310695e-10	3.51265612153e-08
2.91658045516e-10	2.63312394111e-08
3.33322984082e-10	-2.04427461625e-08
3.74987922648e-10	-1.31137440462e-07
4.16652861214e-10	-3.23112146816e-07
4.58317799779e-10	-5.82848542763e-07
4.99982738345e-10	-8.40232701194e-07
5.41647676911e-10	-9.53622020461e-07
5.83312615477e-10	-7.25555423742e-07
6.24977554043e-10	3.59512561943e-08
6.66642492609e-10	1.41395366882e-06
7.08307431175e-10	3.27012321577e-06
7.49972369741e-10	5.1817428357e-06
7.91637308307e-10	6.48966715744e-06
8.33302246873e-10	6.4829096118e-06
