% time-domain voltage integration by openEMS v0.0.36-156-g1a4bf9e @Wed Apr 29 13:24:32 2026
% start-coordinates: (-0.00055,0.001,0) m -> [12,25,0]
% stop-coordinates: (-0.00055,0.001,0.001) m -> [12,25,1]
% t/s	voltage
0	-0
4.1664938566e-11	-3.2989238008e-08
8.3329877132e-11	-1.59253858101e-07
1.24994815698e-10	-4.1902089265e-07
1.66659754264e-10	-8.57582108438e-07
2.0832469283e-10	-1.40258930514e-06
2.49989631396e-10	-1.75938703251e-06
2.91654569962e-10	-1.24816347125e-06
3.33319508528e-10	1.22780193124e-06
3.74984447094e-10	6.96272036294e-06
4.1664938566e-10	1.67725484062e-05
4.58314324226e-10	2.98628438031e-05
4.99979262792e-10	4.25499820267e-05
5.41644201358e-10	4.75711967738e-05
5.83309139924e-10	3.49758010998e-05
6.2497407849e-10	-4.68535745313e-06
6.66639017056e-10	-7.51127954572e-05
7.08303955622e-10	-0.000168688158737
7.49968894188e-10	-0.000263545836788
7.91633832754e-10	-0.000326319190208
8.3329877132e-10	-0.000321701110806
