% time-domain voltage integration by openEMS v0.0.36-156-g1a4bf9e @Wed Apr 29 13:24:32 2026
% start-coordinates: (-0.00095,0.001,0) m -> [4,25,0]
% stop-coordinates: (-0.00095,0.001,0.001) m -> [4,25,1]
% t/s	voltage
0	-0
4.1664938566e-11	-1.08964499645e-07
8.3329877132e-11	-3.44575994404e-07
1.24994815698e-10	-7.66105017647e-07
1.66659754264e-10	-1.36320932143e-06
2.0832469283e-10	-1.90106993614e-06
2.49989631396e-10	-1.77630465714e-06
2.91654569962e-10	1.06520133158e-07
3.33319508528e-10	5.18808246852e-06
3.74984447094e-10	1.46666970977e-05
4.1664938566e-10	2.83474109892e-05
4.58314324226e-10	4.31681328337e-05
4.99979262792e-10	5.2114657592e-05
5.41644201358e-10	4.46214035037e-05
5.83309139924e-10	9.47100124904e-06
6.2497407849e-10	-5.97228281549e-05
6.66639017056e-10	-0.000157967791893
7.08303955622e-10	-0.000264468602836
7.49968894188e-10	-0.000344003608916
7.91633832754e-10	-0.000356179865776
8.3329877132e-10	-0.000271020981018
