% time-domain current integration by openEMS v0.0.36-156-g1a4bf9e @Wed Apr 29 13:24:32 2026
% start-coordinates: (-0.001,0.0009,0) m -> [2,23,0]
% stop-coordinates: (-0.00093,0.00102,0) m -> [5,26,0]
% t/s	current
3.4755537676e-15	0
4.16684141197e-11	-1.77829961867e-09
8.33333526857e-11	-7.13354708637e-09
1.24998291252e-10	-1.82987403008e-08
1.66663229818e-10	-3.62738923343e-08
2.08328168384e-10	-5.77968961579e-08
2.4999310695e-10	-6.94967354775e-08
2.91658045516e-10	-4.27537010239e-08
3.33322984082e-10	6.7418440608e-08
3.74987922648e-10	3.11587712076e-07
4.16652861214e-10	7.17279533546e-07
4.58317799779e-10	1.24276789393e-06
4.99982738345e-10	1.72751356331e-06
5.41647676911e-10	1.87001853647e-06
5.83312615477e-10	1.27171574604e-06
6.24977554043e-10	-4.27133613812e-07
6.66642492609e-10	-3.33521529683e-06
7.08307431175e-10	-7.09552068656e-06
7.49972369741e-10	-1.07883997771e-05
7.91637308307e-10	-1.30668686324e-05
8.33302246873e-10	-1.25583001136e-05
