% time-domain current integration by openEMS v0.0.36-156-g1a4bf9e @Wed Apr 29 13:24:32 2026
% start-coordinates: (-0.0006,0.0009,0) m -> [10,23,0]
% stop-coordinates: (-0.00053,0.00102,0) m -> [13,26,0]
% t/s	current
3.4755537676e-15	0
4.16684141197e-11	6.76135036848e-10
8.33333526857e-11	3.22582183188e-09
1.24998291252e-10	8.4581479598e-09
1.66663229818e-10	1.72664122999e-08
2.08328168384e-10	2.81697865034e-08
2.4999310695e-10	3.5203644444e-08
2.91658045516e-10	2.46787852376e-08
3.33322984082e-10	-2.54239971298e-08
3.74987922648e-10	-1.40974179885e-07
4.16652861214e-10	-3.38074698902e-07
4.58317799779e-10	-6.00329997269e-07
4.99982738345e-10	-8.53306801218e-07
5.41647676911e-10	-9.50976300373e-07
5.83312615477e-10	-6.93989818501e-07
6.24977554043e-10	1.05995795252e-07
6.66642492609e-10	1.5210548554e-06
7.08307431175e-10	3.39581220032e-06
7.49972369741e-10	5.28984082848e-06
7.91637308307e-10	6.53406414131e-06
8.33302246873e-10	6.42340000923e-06
