% time-domain voltage integration by openEMS v0.0.36-156-g1a4bf9e @Wed Apr 29 13:24:32 2026
% start-coordinates: (-0.00045,0.001,0) m -> [16,25,0]
% stop-coordinates: (-0.00045,0.001,0.001) m -> [16,25,1]
% t/s	voltage
0	-0
4.1664938566e-11	-2.82119536621e-08
8.3329877132e-11	-1.47704014353e-07
1.24994815698e-10	-3.96927191559e-07
1.66659754264e-10	-8.24874177852e-07
2.0832469283e-10	-1.3693005485e-06
2.49989631396e-10	-1.75497120836e-06
2.91654569962e-10	-1.32947275233e-06
3.33319508528e-10	9.80945969786e-07
3.74984447094e-10	6.47368278806e-06
4.1664938566e-10	1.60267300089e-05
4.58314324226e-10	2.89886702376e-05
4.99979262792e-10	4.18912022724e-05
5.41644201358e-10	4.76915556646e-05
5.83309139924e-10	3.65355699614e-05
6.2497407849e-10	-1.20431309369e-06
6.66639017056e-10	-6.97738141753e-05
7.08303955622e-10	-0.000162404772709
7.49968894188e-10	-0.000258119020145
7.91633832754e-10	-0.00032405287493
8.3329877132e-10	-0.000324614054989
