% time-domain voltage integration by openEMS v0.0.36-156-g1a4bf9e @Wed Apr 29 13:22:48 2026
% start-coordinates: (-0.00045,0.001,0) m -> [16,25,0]
% stop-coordinates: (-0.00045,0.001,0.001) m -> [16,25,1]
% t/s	voltage
0	-0
4.1664938566e-11	-4.33624443019e-08
8.3329877132e-11	-1.8808140112e-07
1.24994815698e-10	-4.74829789709e-07
1.66659754264e-10	-9.43793338593e-07
2.0832469283e-10	-1.49684035478e-06
2.49989631396e-10	-1.78993741429e-06
2.91654569962e-10	-1.07073788058e-06
3.33319508528e-10	1.82607686838e-06
3.74984447094e-10	8.20011155156e-06
4.1664938566e-10	1.8726246708e-05
4.58314324226e-10	3.22502237395e-05
4.99979262792e-10	4.45196164947e-05
5.41644201358e-10	4.7652014473e-05
5.83309139924e-10	3.13587952405e-05
6.2497407849e-10	-1.3449657672e-05
6.66639017056e-10	-8.91228701221e-05
7.08303955622e-10	-0.000185796438018
7.49968894188e-10	-0.000279122614302
7.91633832754e-10	-0.00033412873745
8.3329877132e-10	-0.00031593546737
