% time-domain current integration by openEMS v0.0.36-156-g1a4bf9e @Wed Apr 29 13:22:48 2026
% start-coordinates: (-0.0005,0.0009,0) m -> [14,23,0]
% stop-coordinates: (-0.00043,0.00102,0) m -> [17,26,0]
% t/s	current
3.4755537676e-15	0
4.16684141197e-11	8.86123230348e-10
8.33333526857e-11	3.80602971362e-09
1.24998291252e-10	9.57897494658e-09
1.66663229818e-10	1.89927202854e-08
2.08328168384e-10	3.00477971393e-08
2.4999310695e-10	3.57875364898e-08
2.91658045516e-10	2.10722070904e-08
3.33322984082e-10	-3.74814170812e-08
3.74987922648e-10	-1.65828481613e-07
4.16652861214e-10	-3.7721574131e-07
4.58317799779e-10	-6.48013838145e-07
4.99982738345e-10	-8.92403704711e-07
5.41647676911e-10	-9.52002324084e-07
5.83312615477e-10	-6.20819037067e-07
6.24977554043e-10	2.8212525649e-07
6.66642492609e-10	1.80171753072e-06
7.08307431175e-10	3.73760735783e-06
7.49972369741e-10	5.59986165172e-06
7.91637308307e-10	6.68766006129e-06
8.33302246873e-10	6.30498925602e-06
