% time-domain voltage integration by openEMS v0.0.36-156-g1a4bf9e @Wed Apr 29 13:22:48 2026
% start-coordinates: (-0.00065,0.001,0) m -> [11,25,0]
% stop-coordinates: (-0.00065,0.001,0.001) m -> [11,25,1]
% t/s	voltage
0	-0
4.1664938566e-11	-8.89795970238e-08
8.3329877132e-11	-2.91771129923e-07
1.24994815698e-10	-6.62469233248e-07
1.66659754264e-10	-1.20428421724e-06
2.0832469283e-10	-1.72738509718e-06
2.49989631396e-10	-1.72176214619e-06
2.91654569962e-10	-2.24638199597e-07
3.33319508528e-10	4.07810375691e-06
3.74984447094e-10	1.23771478684e-05
4.1664938566e-10	2.47410225711e-05
4.58314324226e-10	3.8775120629e-05
4.99979262792e-10	4.85155978822e-05
5.41644201358e-10	4.45351179224e-05
5.83309139924e-10	1.62261148944e-05
6.2497407849e-10	-4.34821267845e-05
6.66639017056e-10	-0.000132109795231
7.08303955622e-10	-0.000233010738157
7.49968894188e-10	-0.000315521116136
7.91633832754e-10	-0.000342156738043
8.3329877132e-10	-0.000282078690361
