% time-domain voltage integration by openEMS v0.0.36-156-g1a4bf9e @Wed Apr 29 13:22:48 2026
% start-coordinates: (-0.00095,0.001,0) m -> [4,25,0]
% stop-coordinates: (-0.00095,0.001,0.001) m -> [4,25,1]
% t/s	voltage
0	-0
4.1664938566e-11	-3.85680962722e-08
8.3329877132e-11	-1.72990411329e-07
1.24994815698e-10	-4.46135771881e-07
1.66659754264e-10	-8.98361690815e-07
2.0832469283e-10	-1.44625516896e-06
2.49989631396e-10	-1.77042284122e-06
2.91654569962e-10	-1.15737680062e-06
3.33319508528e-10	1.52112681917e-06
3.74984447094e-10	7.55912742534e-06
4.1664938566e-10	1.77017100214e-05
4.58314324226e-10	3.09807001031e-05
4.99979262792e-10	4.34428948211e-05
5.41644201358e-10	4.75389933854e-05
5.83309139924e-10	3.31728660967e-05
6.2497407849e-10	-8.91438503459e-06
6.66639017056e-10	-8.17678519525e-05
7.08303955622e-10	-0.000176705070771
7.49968894188e-10	-0.000270711316261
7.91633832754e-10	-0.000329706672346
8.3329877132e-10	-0.000318643404171
