% time-domain current integration by openEMS v0.0.36-156-g1a4bf9e @Wed Apr 29 13:22:48 2026
% start-coordinates: (-0.0007,0.0009,0) m -> [9,23,0]
% stop-coordinates: (-0.00063,0.00102,0) m -> [12,26,0]
% t/s	current
3.4755537676e-15	0
4.16684141197e-11	-2.18390683315e-09
8.33333526857e-11	-8.1984685707e-09
1.24998291252e-10	-2.03840500035e-08
1.66663229818e-10	-3.94620336408e-08
2.08328168384e-10	-6.12632291563e-08
2.4999310695e-10	-7.05376095311e-08
2.91658045516e-10	-3.60075453898e-08
3.33322984082e-10	8.98333354371e-08
3.74987922648e-10	3.57663509476e-07
4.16652861214e-10	7.89663090472e-07
4.58317799779e-10	1.33066271246e-06
4.99982738345e-10	1.79905623554e-06
5.41647676911e-10	1.87061857559e-06
5.83312615477e-10	1.13478756703e-06
6.24977554043e-10	-7.54130326186e-07
6.66642492609e-10	-3.85416433346e-06
7.08307431175e-10	-7.72506336943e-06
7.49972369741e-10	-1.13561536637e-05
7.91637308307e-10	-1.33428748086e-05
8.33302246873e-10	-1.23308609545e-05
