% time-domain voltage integration by openEMS v0.0.36-156-g1a4bf9e @Wed Apr 29 13:24:41 2026
% start-coordinates: (-0.00045,0.001,0) m -> [16,25,0]
% stop-coordinates: (-0.00045,0.001,0.001) m -> [16,25,1]
% t/s	voltage
0	-0
4.1664938566e-11	-5.27419459218e-08
8.3329877132e-11	-2.10678109624e-07
1.24994815698e-10	-5.17395164934e-07
1.66659754264e-10	-1.0060959994e-06
2.0832469283e-10	-1.55864995577e-06
2.49989631396e-10	-1.79348978691e-06
2.91654569962e-10	-9.06542709345e-07
3.33319508528e-10	2.30983732763e-06
3.74984447094e-10	9.14478732739e-06
4.1664938566e-10	2.01496259251e-05
4.58314324226e-10	3.38920435752e-05
4.99979262792e-10	4.57093847217e-05
5.41644201358e-10	4.73105028505e-05
5.83309139924e-10	2.82466244244e-05
6.2497407849e-10	-2.01999755518e-05
6.66639017056e-10	-9.93122521322e-05
7.08303955622e-10	-0.000197602581466
7.49968894188e-10	-0.000289073417662
7.91633832754e-10	-0.000337874749675
8.3329877132e-10	-0.000309771858156
