% time-domain voltage integration by openEMS v0.0.36-156-g1a4bf9e @Wed Apr 29 13:24:41 2026
% start-coordinates: (-0.00095,0.001,0) m -> [4,25,0]
% stop-coordinates: (-0.00095,0.001,0.001) m -> [4,25,1]
% t/s	voltage
0	-0
4.1664938566e-11	-3.29951923561e-08
8.3329877132e-11	-1.59251925425e-07
1.24994815698e-10	-4.19020580011e-07
1.66659754264e-10	-8.57568466017e-07
2.0832469283e-10	-1.40256372561e-06
2.49989631396e-10	-1.75933632818e-06
2.91654569962e-10	-1.24809889712e-06
3.33319508528e-10	1.22784831547e-06
3.74984447094e-10	6.96267352396e-06
4.1664938566e-10	1.67722973856e-05
4.58314324226e-10	2.98623344861e-05
4.99979262792e-10	4.25490943599e-05
5.41644201358e-10	4.75700799143e-05
5.83309139924e-10	3.49749461748e-05
6.2497407849e-10	-4.68526332043e-06
6.66639017056e-10	-7.51109182602e-05
7.08303955622e-10	-0.000168683822267
7.49968894188e-10	-0.000263539608568
7.91633832754e-10	-0.000326312379912
8.3329877132e-10	-0.000321695901221
