% time-domain current integration by openEMS v0.0.36-156-g1a4bf9e @Wed Apr 29 13:24:41 2026
% start-coordinates: (-0.0006,0.0009,0) m -> [10,23,0]
% stop-coordinates: (-0.00053,0.00102,0) m -> [13,26,0]
% t/s	current
3.4755537676e-15	0
4.16684141197e-11	-2.26902030498e-09
8.33333526857e-11	-8.37728375558e-09
1.24998291252e-10	-2.07064125846e-08
1.66663229818e-10	-3.98927042511e-08
2.08328168384e-10	-6.16195308112e-08
2.4999310695e-10	-7.03401923374e-08
2.91658045516e-10	-3.44426318577e-08
3.33322984082e-10	9.38033863918e-08
3.74987922648e-10	3.64819356946e-07
4.16652861214e-10	7.99679867214e-07
4.58317799779e-10	1.34106392125e-06
4.99982738345e-10	1.80452366294e-06
5.41647676911e-10	1.86346142073e-06
5.83312615477e-10	1.10720554858e-06
6.24977554043e-10	-8.06007165011e-07
6.66642492609e-10	-3.92571018892e-06
7.08307431175e-10	-7.80035770731e-06
7.49972369741e-10	-1.14095200843e-05
7.91637308307e-10	-1.33459525387e-05
8.33302246873e-10	-1.22638075482e-05
