% time-domain current integration by openEMS v0.0.36-156-g1a4bf9e @Wed Apr 29 13:24:41 2026
% start-coordinates: (-0.0005,0.0009,0) m -> [14,23,0]
% stop-coordinates: (-0.00043,0.00102,0) m -> [17,26,0]
% t/s	current
3.4755537676e-15	0
4.16684141197e-11	1.07529163351e-09
8.33333526857e-11	4.26052704228e-09
1.24998291252e-10	1.04327622097e-08
1.66663229818e-10	2.02389340842e-08
2.08328168384e-10	3.12766310628e-08
2.4999310695e-10	3.58367806541e-08
2.91658045516e-10	1.77461139117e-08
3.33322984082e-10	-4.72174548349e-08
3.74987922648e-10	-1.8478304753e-07
4.16652861214e-10	-4.05702735407e-07
4.58317799779e-10	-6.80766618188e-07
4.99982738345e-10	-9.15949840419e-07
5.41647676911e-10	-9.44738530961e-07
5.83312615477e-10	-5.58027636544e-07
6.24977554043e-10	4.17605917846e-07
6.66642492609e-10	2.0056224912e-06
7.08307431175e-10	3.97321491619e-06
7.49972369741e-10	5.7975830714e-06
7.91637308307e-10	6.76067702443e-06
8.33302246873e-10	6.17969362793e-06
