% time-domain voltage integration by openEMS v0.0.36-156-g1a4bf9e @Wed Apr 29 13:24:41 2026
% start-coordinates: (-0.00055,0.001,0) m -> [12,25,0]
% stop-coordinates: (-0.00055,0.001,0.001) m -> [12,25,1]
% t/s	voltage
0	-0
4.1664938566e-11	-8.47511643087e-08
8.3329877132e-11	-2.82868256818e-07
1.24994815698e-10	-6.46373337077e-07
1.66659754264e-10	-1.18270986604e-06
2.0832469283e-10	-1.70936891664e-06
2.49989631396e-10	-1.731171551e-06
2.91654569962e-10	-3.02116063722e-07
3.33319508528e-10	3.8805155782e-06
3.74984447094e-10	1.20199529192e-05
4.1664938566e-10	2.42396090471e-05
4.58314324226e-10	3.82522775908e-05
4.99979262792e-10	4.82365721837e-05
5.41644201358e-10	4.48848913948e-05
5.83309139924e-10	1.75969580596e-05
6.2497407849e-10	-4.089254071e-05
6.66639017056e-10	-0.000128527710331
7.08303955622e-10	-0.000229228695389
7.49968894188e-10	-0.000312823161948
7.91633832754e-10	-0.00034196744673
8.3329877132e-10	-0.000285401183646
