% time-domain current integration by openEMS v0.0.36-156-g1a4bf9e @Wed Apr 29 13:20:45 2026
% start-coordinates: (-0.0003,0.0009,0) m -> [16,23,0]
% stop-coordinates: (-0.00023,0.00102,0) m -> [19,26,0]
% t/s	current
3.4755537676e-15	0
4.16684141197e-11	7.3679795598e-10
8.33333526857e-11	3.43719719353e-09
1.24998291252e-10	8.8811997756e-09
1.66663229818e-10	1.79691852509e-08
2.08328168384e-10	2.90168937767e-08
2.4999310695e-10	3.56924090283e-08
2.91658045516e-10	2.37035546746e-08
3.33322984082e-10	-2.96236031261e-08
3.74987922648e-10	-1.50374575014e-07
4.16652861214e-10	-3.53800032826e-07
4.58317799779e-10	-6.20783225713e-07
4.99982738345e-10	-8.72283408171e-07
5.41647676911e-10	-9.56709982347e-07
5.83312615477e-10	-6.70931854074e-07
6.24977554043e-10	1.71908453694e-07
6.66642492609e-10	1.63401318787e-06
7.08307431175e-10	3.54175699613e-06
7.49972369741e-10	5.43271880815e-06
7.91637308307e-10	6.62122238282e-06
8.33302246873e-10	6.40149846731e-06
