% time-domain voltage integration by openEMS v0.0.36-156-g1a4bf9e @Wed Apr 29 13:20:45 2026
% start-coordinates: (-0.00025,0.001,0) m -> [18,25,0]
% stop-coordinates: (-0.00025,0.001,0.001) m -> [18,25,1]
% t/s	voltage
0	-0
4.1664938566e-11	-3.59538177008e-08
8.3329877132e-11	-1.69751018575e-07
1.24994815698e-10	-4.40041105776e-07
1.66659754264e-10	-8.9263545533e-07
2.0832469283e-10	-1.44498517329e-06
2.49989631396e-10	-1.78429706921e-06
2.91654569962e-10	-1.20055540265e-06
3.33319508528e-10	1.43569900501e-06
3.74984447094e-10	7.42997690395e-06
4.1664938566e-10	1.75563200173e-05
4.58314324226e-10	3.08852831949e-05
4.99979262792e-10	4.35033543909e-05
5.41644201358e-10	4.78694346384e-05
5.83309139924e-10	3.3841599361e-05
6.2497407849e-10	-7.95880350779e-06
6.66639017056e-10	-8.07430624263e-05
7.08303955622e-10	-0.000175983092049
7.49968894188e-10	-0.000270712480415
7.91633832754e-10	-0.000330727547407
8.3329877132e-10	-0.000320675782859
