% time-domain current integration by openEMS v0.0.36-156-g1a4bf9e @Wed Apr 29 13:20:45 2026
% start-coordinates: (-0.0005,0.0009,0) m -> [8,23,0]
% stop-coordinates: (-0.00043,0.00102,0) m -> [11,26,0]
% t/s	current
3.4755537676e-15	0
4.16684141197e-11	-2.24580221087e-09
8.33333526857e-11	-8.31639557219e-09
1.24998291252e-10	-2.06002823688e-08
1.66663229818e-10	-3.97398629559e-08
2.08328168384e-10	-6.14796462628e-08
2.4999310695e-10	-7.03717546457e-08
2.91658045516e-10	-3.49178712611e-08
3.33322984082e-10	9.25047913825e-08
3.74987922648e-10	3.62407064358e-07
4.16652861214e-10	7.96199003616e-07
4.58317799779e-10	1.3373321508e-06
4.99982738345e-10	1.80234280833e-06
5.41647676911e-10	1.86555973869e-06
5.83312615477e-10	1.11640463274e-06
6.24977554043e-10	-7.88173679211e-07
6.66642492609e-10	-3.90071909351e-06
7.08307431175e-10	-7.77374862082e-06
7.49972369741e-10	-1.13904397949e-05
7.91637308307e-10	-1.33446510517e-05
8.33302246873e-10	-1.2287519894e-05
