% time-domain voltage integration by openEMS v0.0.36-156-g1a4bf9e @Wed Apr 29 13:20:45 2026
% start-coordinates: (-0.00045,0.001,0) m -> [10,25,0]
% stop-coordinates: (-0.00045,0.001,0.001) m -> [10,25,1]
% t/s	voltage
0	-0
4.1664938566e-11	-8.58767918999e-08
8.3329877132e-11	-2.85898408947e-07
1.24994815698e-10	-6.51623338399e-07
1.66659754264e-10	-1.19032790735e-06
2.0832469283e-10	-1.71635917923e-06
2.49989631396e-10	-1.72974819179e-06
2.91654569962e-10	-2.78721870473e-07
3.33319508528e-10	3.94474773202e-06
3.74984447094e-10	1.21396151371e-05
4.1664938566e-10	2.44126931648e-05
4.58314324226e-10	3.84385421057e-05
4.99979262792e-10	4.83465628349e-05
5.41644201358e-10	4.47830279882e-05
5.83309139924e-10	1.7142327124e-05
6.2497407849e-10	-4.17773626396e-05
6.66639017056e-10	-0.000129770807689
7.08303955622e-10	-0.000230555888265
7.49968894188e-10	-0.000313779572025
7.91633832754e-10	-0.000342042301781
8.3329877132e-10	-0.000284231326077
