% time-domain current integration by openEMS v0.0.36-156-g1a4bf9e @Wed Apr 29 13:20:45 2026
% start-coordinates: (-0.0004,0.0009,0) m -> [12,23,0]
% stop-coordinates: (-0.00033,0.00102,0) m -> [15,26,0]
% t/s	current
3.4755537676e-15	0
4.16684141197e-11	9.67807500807e-10
8.33333526857e-11	3.97293575816e-09
1.24998291252e-10	9.86765513744e-09
1.66663229818e-10	1.93752818234e-08
2.08328168384e-10	3.03287777115e-08
2.4999310695e-10	3.55376776895e-08
2.91658045516e-10	1.95437408479e-08
3.33322984082e-10	-4.11823855018e-08
3.74987922648e-10	-1.72320255842e-07
4.16652861214e-10	-3.86059468838e-07
4.58317799779e-10	-6.56803990751e-07
4.99982738345e-10	-8.96267408734e-07
5.41647676911e-10	-9.44126554714e-07
5.83312615477e-10	-5.94651623942e-07
6.24977554043e-10	3.2927829352e-07
6.66642492609e-10	1.86474608199e-06
7.08307431175e-10	3.80155324819e-06
7.49972369741e-10	5.64176798434e-06
7.91637308307e-10	6.68333404974e-06
8.33302246873e-10	6.23892537988e-06
