% time-domain voltage integration by openEMS v0.0.36-156-g1a4bf9e @Wed Apr 29 13:20:45 2026
% start-coordinates: (-0.00035,0.001,0) m -> [14,25,0]
% stop-coordinates: (-0.00035,0.001,0.001) m -> [14,25,1]
% t/s	voltage
0	-0
4.1664938566e-11	-4.74291006469e-08
8.3329877132e-11	-1.96379801309e-07
1.24994815698e-10	-4.89232490963e-07
1.66659754264e-10	-9.6293911156e-07
2.0832469283e-10	-1.51104563884e-06
2.49989631396e-10	-1.77786603217e-06
2.91654569962e-10	-9.95050868369e-07
3.33319508528e-10	2.0101285827e-06
3.74984447094e-10	8.52384528116e-06
4.1664938566e-10	1.9168430299e-05
4.58314324226e-10	3.26916124322e-05
4.99979262792e-10	4.4717307901e-05
5.41644201358e-10	4.72653700854e-05
5.83309139924e-10	3.00586616504e-05
6.2497407849e-10	-1.58012553584e-05
6.66639017056e-10	-9.22748004086e-05
7.08303955622e-10	-0.000189004174899
7.49968894188e-10	-0.000281239685137
7.91633832754e-10	-0.000333941046847
8.3329877132e-10	-0.000312659365591
