% time-domain current integration by openEMS v0.0.36-156-g1a4bf9e @Wed Apr 29 13:21:51 2026
% start-coordinates: (0,0.0009,0) m -> [16,23,0]
% stop-coordinates: (7e-05,0.00102,0) m -> [19,26,0]
% t/s	current
3.4755537676e-15	0
4.16684141197e-11	-1.81419756995e-09
8.33333526857e-11	-7.27200433204e-09
1.24998291252e-10	-1.8500127652e-08
1.66663229818e-10	-3.6654217439e-08
2.08328168384e-10	-5.81909844755e-08
2.4999310695e-10	-6.96488697827e-08
2.91658045516e-10	-4.20602113138e-08
3.33322984082e-10	6.98543871636e-08
3.74987922648e-10	3.16703989256e-07
4.16652861214e-10	7.25460324702e-07
4.58317799779e-10	1.25292092434e-06
4.99982738345e-10	1.73617308974e-06
5.41647676911e-10	1.87104399174e-06
5.83312615477e-10	1.25741075863e-06
6.24977554043e-10	-4.63184619548e-07
6.66642492609e-10	-3.39393909599e-06
7.08307431175e-10	-7.16845443094e-06
7.49972369741e-10	-1.08563981485e-05
7.91637308307e-10	-1.31034885271e-05
8.33302246873e-10	-1.25381775433e-05
