% time-domain voltage integration by openEMS v0.0.36-156-g1a4bf9e @Wed Apr 29 13:21:51 2026
% start-coordinates: (5e-05,0.001,0) m -> [18,25,0]
% stop-coordinates: (5e-05,0.001,0.001) m -> [18,25,1]
% t/s	voltage
0	-0
4.1664938566e-11	-1.07166172825e-07
8.3329877132e-11	-3.37740686973e-07
1.24994815698e-10	-7.56105578148e-07
1.66659754264e-10	-1.34422703013e-06
2.0832469283e-10	-1.88136925772e-06
2.49989631396e-10	-1.76840717359e-06
2.91654569962e-10	7.25353856978e-08
3.33319508528e-10	5.06757260155e-06
3.74984447094e-10	1.44126570376e-05
4.1664938566e-10	2.79401247099e-05
4.58314324226e-10	4.26610422437e-05
4.99979262792e-10	5.16795807926e-05
5.41644201358e-10	4.45638725068e-05
5.83309139924e-10	1.01754740172e-05
6.2497407849e-10	-5.79339830438e-05
6.66639017056e-10	-0.000155044035637
7.08303955622e-10	-0.000260827131569
7.49968894188e-10	-0.000340595492162
7.91633832754e-10	-0.000354324874934
8.3329877132e-10	-0.000271990022156
