% time-domain current integration by openEMS v0.0.36-156-g1a4bf9e @Wed Apr 29 13:21:51 2026
% start-coordinates: (-0.0007,0.0009,0) m -> [6,23,0]
% stop-coordinates: (-0.00063,0.00102,0) m -> [9,26,0]
% t/s	current
3.4755537676e-15	0
4.16684141197e-11	6.98052726733e-10
8.33333526857e-11	3.27098970132e-09
1.24998291252e-10	8.66552962719e-09
1.66663229818e-10	1.75664851554e-08
2.08328168384e-10	2.86436474539e-08
2.4999310695e-10	3.56442235727e-08
2.91658045516e-10	2.46475782006e-08
3.33322984082e-10	-2.67534101539e-08
3.74987922648e-10	-1.44707456684e-07
4.16652861214e-10	-3.45171571325e-07
4.58317799779e-10	-6.10740130469e-07
4.99982738345e-10	-8.64854996507e-07
5.41647676911e-10	-9.58514760896e-07
5.83312615477e-10	-6.89606395099e-07
6.24977554043e-10	1.30902122919e-07
6.66642492609e-10	1.57178385507e-06
7.08307431175e-10	3.46945580532e-06
7.49972369741e-10	5.37181904292e-06
7.91637308307e-10	6.5987292146e-06
8.33302246873e-10	6.44045076115e-06
