% time-domain voltage integration by openEMS v0.0.36-156-g1a4bf9e @Wed Apr 29 13:21:51 2026
% start-coordinates: (-0.00065,0.001,0) m -> [8,25,0]
% stop-coordinates: (-0.00065,0.001,0.001) m -> [8,25,1]
% t/s	voltage
0	-0
4.1664938566e-11	-3.40216530503e-08
8.3329877132e-11	-1.61543738386e-07
1.24994815698e-10	-4.2937449507e-07
1.66659754264e-10	-8.72562679888e-07
2.0832469283e-10	-1.42636554301e-06
2.49989631396e-10	-1.78152163244e-06
2.91654569962e-10	-1.24683856484e-06
3.33319508528e-10	1.29399484194e-06
3.74984447094e-10	7.14920315659e-06
4.1664938566e-10	1.71276806213e-05
4.58314324226e-10	3.03846063616e-05
4.99979262792e-10	4.31300140917e-05
5.41644201358e-10	4.79521404486e-05
5.83309139924e-10	3.47611276084e-05
6.2497407849e-10	-5.92777723796e-06
6.66639017056e-10	-7.76510278229e-05
7.08303955622e-10	-0.000172379630385
7.49968894188e-10	-0.000267663184786
7.91633832754e-10	-0.000329577829689
8.3329877132e-10	-0.000322579347994
