% time-domain voltage integration by openEMS v0.0.36-156-g1a4bf9e @Wed Apr 29 13:21:51 2026
% start-coordinates: (0.00095,0.001,0) m -> [31,25,0]
% stop-coordinates: (0.00095,0.001,0.001) m -> [31,25,1]
% t/s	voltage
0	-0
4.1664938566e-11	-3.00899820616e-08
8.3329877132e-11	-1.48380451037e-07
1.24994815698e-10	-4.01438057906e-07
1.66659754264e-10	-8.26488189887e-07
2.0832469283e-10	-1.36919516081e-06
2.49989631396e-10	-1.74530373442e-06
2.91654569962e-10	-1.30325213377e-06
3.33319508528e-10	1.02940157376e-06
3.74984447094e-10	6.54101313557e-06
4.1664938566e-10	1.60913168656e-05
4.58314324226e-10	2.90050211333e-05
4.99979262792e-10	4.17948467657e-05
5.41644201358e-10	4.74236367154e-05
5.83309139924e-10	3.60831872968e-05
6.2497407849e-10	-1.76180219569e-06
6.66639017056e-10	-7.02445977367e-05
7.08303955622e-10	-0.000162515207194
7.49968894188e-10	-0.000257612089626
7.91633832754e-10	-0.000322825857438
8.3329877132e-10	-0.000322840875015
