% time-domain voltage integration by openEMS v0.0.36-156-g1a4bf9e @Wed Apr 29 13:17:19 2026
% start-coordinates: (-0.00015,0.001,0) m -> [19,25,0]
% stop-coordinates: (-0.00015,0.001,0.001) m -> [19,25,1]
% t/s	voltage
0	-0
4.1664938566e-11	-3.280908345e-08
8.3329877132e-11	-1.61331826121e-07
1.24994815698e-10	-4.2440751713e-07
1.66659754264e-10	-8.678366612e-07
2.0832469283e-10	-1.41954888022e-06
2.49989631396e-10	-1.77679839908e-06
2.91654569962e-10	-1.25443034449e-06
3.33319508528e-10	1.26259783428e-06
3.74984447094e-10	7.07601611794e-06
4.1664938566e-10	1.70042785612e-05
4.58314324226e-10	3.02197622659e-05
4.99979262792e-10	4.29697392974e-05
5.41644201358e-10	4.78849869978e-05
5.83309139924e-10	3.49096226273e-05
6.2497407849e-10	-5.44547356185e-06
6.66639017056e-10	-7.67837555031e-05
7.08303955622e-10	-0.000171209685504
7.49968894188e-10	-0.000266445655143
7.91633832754e-10	-0.00032871280564
8.3329877132e-10	-0.000322505104123
