% time-domain voltage integration by openEMS v0.0.36-156-g1a4bf9e @Wed Apr 29 13:17:19 2026
% start-coordinates: (-0.00025,0.001,0) m -> [15,25,0]
% stop-coordinates: (-0.00025,0.001,0.001) m -> [15,25,1]
% t/s	voltage
0	-0
4.1664938566e-11	-3.98798931656e-08
8.3329877132e-11	-1.78378044779e-07
1.24994815698e-10	-4.56043665054e-07
1.66659754264e-10	-9.141249393e-07
2.0832469283e-10	-1.46455909089e-06
2.49989631396e-10	-1.77762535714e-06
2.91654569962e-10	-1.12905638616e-06
3.33319508528e-10	1.62616902344e-06
3.74984447094e-10	7.781012755e-06
4.1664938566e-10	1.80601091415e-05
4.58314324226e-10	3.14281132887e-05
4.99979262792e-10	4.38287643192e-05
5.41644201358e-10	4.75934575661e-05
5.83309139924e-10	3.25559230987e-05
6.2497407849e-10	-1.04871487565e-05
6.66639017056e-10	-8.4340608737e-05
7.08303955622e-10	-0.000179907481652
7.49968894188e-10	-0.000273699057288
7.91633832754e-10	-0.000331314804498
8.3329877132e-10	-0.000317755679134
