% time-domain voltage integration by openEMS v0.0.36-156-g1a4bf9e @Wed Apr 29 13:17:19 2026
% start-coordinates: (-0.00045,0.001,0) m -> [10,25,0]
% stop-coordinates: (-0.00045,0.001,0.001) m -> [10,25,1]
% t/s	voltage
0	-0
4.1664938566e-11	-9.57152082037e-08
8.3329877132e-11	-3.10966299821e-07
1.24994815698e-10	-7.00064674675e-07
1.66659754264e-10	-1.26184227156e-06
2.0832469283e-10	-1.79182836746e-06
2.49989631396e-10	-1.7427023522e-06
2.91654569962e-10	-1.07708046926e-07
3.33319508528e-10	4.47884485766e-06
3.74984447094e-10	1.32065542857e-05
4.1664938566e-10	2.60526539932e-05
4.58314324226e-10	4.03763006034e-05
4.99979262792e-10	4.98318804603e-05
5.41644201358e-10	4.45741607109e-05
5.83309139924e-10	1.3772119928e-05
6.2497407849e-10	-4.93939915032e-05
6.66639017056e-10	-0.000141524462379
7.08303955622e-10	-0.000244452850893
7.49968894188e-10	-0.000325850094669
7.91633832754e-10	-0.000347176537616
8.3329877132e-10	-0.000277926563285
