% time-domain current integration by openEMS v0.0.36-156-g1a4bf9e @Wed Apr 29 13:17:19 2026
% start-coordinates: (-0.0003,0.0009,0) m -> [13,23,0]
% stop-coordinates: (-0.00023,0.00102,0) m -> [16,26,0]
% t/s	current
3.4755537676e-15	0
4.16684141197e-11	8.15944423138e-10
8.33333526857e-11	3.61085628064e-09
1.24998291252e-10	9.20278875327e-09
1.66663229818e-10	1.83994028902e-08
2.08328168384e-10	2.94059177008e-08
2.4999310695e-10	3.55502223215e-08
2.91658045516e-10	2.22551008733e-08
3.33322984082e-10	-3.34611556241e-08
3.74987922648e-10	-1.57427962222e-07
4.16652861214e-10	-3.63895878763e-07
4.58317799779e-10	-6.3162326569e-07
4.99982738345e-10	-8.78707055563e-07
5.41647676911e-10	-9.51023992002e-07
5.83312615477e-10	-6.44985334475e-07
6.24977554043e-10	2.22712174036e-07
6.66642492609e-10	1.70610042005e-06
7.08307431175e-10	3.62015634892e-06
7.49972369741e-10	5.49208562006e-06
7.91637308307e-10	6.63232913212e-06
8.33302246873e-10	6.34233538221e-06
