% time-domain current integration by openEMS v0.0.36-156-g1a4bf9e @Wed Apr 29 13:17:19 2026
% start-coordinates: (-0.0002,0.0009,0) m -> [17,23,0]
% stop-coordinates: (-0.00013,0.00102,0) m -> [20,26,0]
% t/s	current
3.4755537676e-15	0
4.16684141197e-11	6.7336447529e-10
8.33333526857e-11	3.2673685979e-09
1.24998291252e-10	8.56735216104e-09
1.66663229818e-10	1.74721748181e-08
2.08328168384e-10	2.85101755537e-08
2.4999310695e-10	3.55504461425e-08
2.91658045516e-10	2.47984264234e-08
3.33322984082e-10	-2.61329162754e-08
3.74987922648e-10	-1.43261758012e-07
4.16652861214e-10	-3.42735035019e-07
4.58317799779e-10	-6.07486583704e-07
4.99982738345e-10	-8.61693138177e-07
5.41647676911e-10	-9.57193151407e-07
5.83312615477e-10	-6.92542073466e-07
6.24977554043e-10	1.21377581763e-07
6.66642492609e-10	1.554662731e-06
7.08307431175e-10	3.4463623706e-06
7.49972369741e-10	5.34778791916e-06
7.91637308307e-10	6.58165618006e-06
8.33302246873e-10	6.43898374619e-06
