% time-domain voltage integration by openEMS v0.0.36-156-g1a4bf9e @Wed Apr 29 13:23:55 2026
% start-coordinates: (-0.00085,0.001,0) m -> [5,25,0]
% stop-coordinates: (-0.00085,0.001,0.001) m -> [5,25,1]
% t/s	voltage
0	-0
4.1664938566e-11	-2.68764459577e-08
8.3329877132e-11	-1.43999514535e-07
1.24994815698e-10	-3.90602224343e-07
1.66659754264e-10	-8.14070745037e-07
2.0832469283e-10	-1.35902075726e-06
2.49989631396e-10	-1.75170612238e-06
2.91654569962e-10	-1.35275195134e-06
3.33319508528e-10	9.07647063286e-07
3.74984447094e-10	6.32402679912e-06
4.1664938566e-10	1.5793937564e-05
4.58314324226e-10	2.87087768811e-05
4.99979262792e-10	4.16678376496e-05
5.41644201358e-10	4.7700763389e-05
5.83309139924e-10	3.6988996726e-05
6.2497407849e-10	-1.41910533102e-07
6.66639017056e-10	-6.81033416186e-05
7.08303955622e-10	-0.000160393654369
7.49968894188e-10	-0.000256324885413
7.91633832754e-10	-0.00032321101753
8.3329877132e-10	-0.000325394328684
