% time-domain current integration by openEMS v0.0.36-156-g1a4bf9e @Wed Apr 29 13:23:55 2026
% start-coordinates: (-0.0009,0.0009,0) m -> [3,23,0]
% stop-coordinates: (-0.00083,0.00102,0) m -> [6,26,0]
% t/s	current
3.4755537676e-15	0
4.16684141197e-11	5.52508316876e-10
8.33333526857e-11	2.91708057709e-09
1.24998291252e-10	7.88577736444e-09
1.66663229818e-10	1.63916737961e-08
2.08328168384e-10	2.72993272432e-08
2.4999310695e-10	3.50643816205e-08
2.91658045516e-10	2.68094471068e-08
3.33322984082e-10	-1.89479401058e-08
3.74987922648e-10	-1.28097312313e-07
4.16652861214e-10	-3.18395507293e-07
4.58317799779e-10	-5.7719751112e-07
4.99982738345e-10	-8.35755031403e-07
5.41647676911e-10	-9.53886342359e-07
5.83312615477e-10	-7.34834316063e-07
6.24977554043e-10	1.43563605448e-08
6.66642492609e-10	1.3801136447e-06
7.08307431175e-10	3.22950563714e-06
7.49972369741e-10	5.14566636411e-06
7.91637308307e-10	6.47298429612e-06
8.33302246873e-10	6.49909543426e-06
