% time-domain current integration by openEMS v0.0.36-156-g1a4bf9e @Wed Apr 29 13:23:55 2026
% start-coordinates: (-0.0003,0.0009,0) m -> [16,23,0]
% stop-coordinates: (-0.00023,0.00102,0) m -> [19,26,0]
% t/s	current
3.4755537676e-15	0
4.16684141197e-11	-1.93710758545e-09
8.33333526857e-11	-7.47182227201e-09
1.24998291252e-10	-1.8940827573e-08
1.66663229818e-10	-3.72312065622e-08
2.08328168384e-10	-5.87164699084e-08
2.4999310695e-10	-6.95565418596e-08
2.91658045516e-10	-4.02379960462e-08
3.33322984082e-10	7.47643156274e-08
3.74987922648e-10	3.25933058321e-07
4.16652861214e-10	7.38875144179e-07
4.58317799779e-10	1.26767849906e-06
4.99982738345e-10	1.74560500454e-06
5.41647676911e-10	1.86495560683e-06
5.83312615477e-10	1.22474057207e-06
6.24977554043e-10	-5.29228316282e-07
6.66642492609e-10	-3.48956996277e-06
7.08307431175e-10	-7.27479755369e-06
7.49972369741e-10	-1.09403054012e-05
7.91637308307e-10	-1.31256356326e-05
8.33302246873e-10	-1.24675580082e-05
