% time-domain current integration by openEMS v0.0.36-156-g1a4bf9e @Wed Apr 29 13:23:55 2026
% start-coordinates: (-0.0006,0.0009,0) m -> [10,23,0]
% stop-coordinates: (-0.00053,0.00102,0) m -> [13,26,0]
% t/s	current
3.4755537676e-15	0
4.16684141197e-11	7.95888188687e-10
8.33333526857e-11	3.57565821396e-09
1.24998291252e-10	9.15716658056e-09
1.66663229818e-10	1.83423747302e-08
2.08328168384e-10	2.94064914641e-08
2.4999310695e-10	3.5682536037e-08
2.91658045516e-10	2.26546994497e-08
3.33322984082e-10	-3.26833564657e-08
3.74987922648e-10	-1.56286759534e-07
4.16652861214e-10	-3.6264003711e-07
4.58317799779e-10	-6.30891065612e-07
4.99982738345e-10	-8.79433230239e-07
5.41647676911e-10	-9.54218648985e-07
5.83312615477e-10	-6.5115881398e-07
6.24977554043e-10	2.14154169953e-07
6.66642492609e-10	1.6972752519e-06
7.08307431175e-10	3.61450543096e-06
7.49972369741e-10	5.49333663002e-06
7.91637308307e-10	6.64290837449e-06
8.33302246873e-10	6.36170807411e-06
