% time-domain voltage integration by openEMS v0.0.36-156-g1a4bf9e @Wed Apr 29 13:23:55 2026
% start-coordinates: (-0.00055,0.001,0) m -> [12,25,0]
% stop-coordinates: (-0.00055,0.001,0.001) m -> [12,25,1]
% t/s	voltage
0	-0
4.1664938566e-11	-3.88856804534e-08
8.3329877132e-11	-1.76656371309e-07
1.24994815698e-10	-4.538061944e-07
1.66659754264e-10	-9.11327731501e-07
2.0832469283e-10	-1.4646211639e-06
2.49989631396e-10	-1.78414484253e-06
2.91654569962e-10	-1.14872864287e-06
3.33319508528e-10	1.58797161021e-06
3.74984447094e-10	7.72505518398e-06
4.1664938566e-10	1.79987309821e-05
4.58314324226e-10	3.13928067044e-05
4.99979262792e-10	4.38654096797e-05
5.41644201358e-10	4.77515932289e-05
5.83309139924e-10	3.28601017827e-05
6.2497407849e-10	-1.00669149106e-05
6.66639017056e-10	-8.39093409013e-05
7.08303955622e-10	-0.000179634342203
7.49968894188e-10	-0.00027376844082
7.91633832754e-10	-0.000331843591994
8.3329877132e-10	-0.000318715057801
