% time-domain voltage integration by openEMS v0.0.36-156-g1a4bf9e @Wed Apr 29 13:23:55 2026
% start-coordinates: (-0.00025,0.001,0) m -> [18,25,0]
% stop-coordinates: (-0.00025,0.001,0.001) m -> [18,25,1]
% t/s	voltage
0	-0
4.1664938566e-11	-1.01075258385e-07
8.3329877132e-11	-3.2784674886e-07
1.24994815698e-10	-7.34137529435e-07
1.66659754264e-10	-1.31548824811e-06
2.0832469283e-10	-1.85489784599e-06
2.49989631396e-10	-1.77246010935e-06
2.91654569962e-10	-1.73135958903e-08
3.33319508528e-10	4.82407540403e-06
3.74984447094e-10	1.39535286507e-05
4.1664938566e-10	2.72709949058e-05
4.58314324226e-10	4.19221905759e-05
4.99979262792e-10	5.12023834744e-05
5.41644201358e-10	4.48568061984e-05
5.83309139924e-10	1.17925301311e-05
6.2497407849e-10	-5.46490373381e-05
6.66639017056e-10	-0.000150273292093
7.08303955622e-10	-0.000255505758105
7.49968894188e-10	-0.000336375669576
7.91633832754e-10	-0.000353173469193
8.3329877132e-10	-0.000275467114989
