% time-domain current integration by openEMS v0.0.36-156-g1a4bf9e @Wed Apr 29 13:24:51 2026
% start-coordinates: (-0.001,0.0009,0) m -> [2,23,0]
% stop-coordinates: (-0.00093,0.00102,0) m -> [5,26,0]
% t/s	current
3.4755537676e-15	0
4.16684141197e-11	5.79036485426e-10
8.33333526857e-11	2.99117264291e-09
1.24998291252e-10	8.0107929179e-09
1.66663229818e-10	1.66056572937e-08
2.08328168384e-10	2.75011426965e-08
2.4999310695e-10	3.51252893438e-08
2.91658045516e-10	2.63420005808e-08
3.33322984082e-10	-2.0407947332e-08
3.74987922648e-10	-1.3106674146e-07
4.16652861214e-10	-3.23002154801e-07
4.58317799779e-10	-5.82716609188e-07
4.99982738345e-10	-8.40127995616e-07
5.41647676911e-10	-9.53627704803e-07
5.83312615477e-10	-7.2577154242e-07
6.24977554043e-10	3.54479290365e-08
6.66642492609e-10	1.41316456848e-06
7.08307431175e-10	3.26918120663e-06
7.49972369741e-10	5.18090837431e-06
7.91637308307e-10	6.48928562441e-06
8.33302246873e-10	6.48329478281e-06
