% time-domain current integration by openEMS v0.0.36-156-g1a4bf9e @Wed Apr 29 13:24:51 2026
% start-coordinates: (-0.0006,0.0009,0) m -> [10,23,0]
% stop-coordinates: (-0.00053,0.00102,0) m -> [13,26,0]
% t/s	current
3.4755537676e-15	0
4.16684141197e-11	1.074980438e-09
8.33333526857e-11	4.25990576147e-09
1.24998291252e-10	1.04313855331e-08
1.66663229818e-10	2.02368912738e-08
2.08328168384e-10	3.12742685082e-08
2.4999310695e-10	3.58359315555e-08
2.91658045516e-10	1.77501355836e-08
3.33322984082e-10	-4.72033185872e-08
3.74987922648e-10	-1.84753531585e-07
4.16652861214e-10	-4.05655725899e-07
4.58317799779e-10	-6.80709376866e-07
4.99982738345e-10	-9.15902546694e-07
5.41647676911e-10	-9.44736711972e-07
5.83312615477e-10	-5.58114891192e-07
6.24977554043e-10	4.17394460328e-07
6.66642492609e-10	2.00528620553e-06
7.08307431175e-10	3.97280746256e-06
7.49972369741e-10	5.79721518079e-06
7.91637308307e-10	6.76049785397e-06
8.33302246873e-10	6.17984642304e-06
