% time-domain voltage integration by openEMS v0.0.36-156-g1a4bf9e @Wed Apr 29 13:24:51 2026
% start-coordinates: (-0.00095,0.001,0) m -> [4,25,0]
% stop-coordinates: (-0.00095,0.001,0.001) m -> [4,25,1]
% t/s	voltage
0	-0
4.1664938566e-11	-2.81968421945e-08
8.3329877132e-11	-1.47660927041e-07
1.24994815698e-10	-3.96843461203e-07
1.66659754264e-10	-8.24744574857e-07
2.0832469283e-10	-1.36915673465e-06
2.49989631396e-10	-1.75492345988e-06
2.91654569962e-10	-1.32973332256e-06
3.33319508528e-10	9.80051822808e-07
3.74984447094e-10	6.47182514513e-06
4.1664938566e-10	1.6023792341e-05
4.58314324226e-10	2.89850868285e-05
4.99979262792e-10	4.18882264057e-05
5.41644201358e-10	4.76914065075e-05
5.83309139924e-10	3.65410087397e-05
6.2497407849e-10	-1.19111905406e-06
6.66639017056e-10	-6.97526847944e-05
7.08303955622e-10	-0.000162379044923
7.49968894188e-10	-0.000258095620666
7.91633832754e-10	-0.000324041233398
8.3329877132e-10	-0.000324622931657
