% time-domain current integration by openEMS v0.0.36-156-g1a4bf9e @Wed Apr 29 13:24:51 2026
% start-coordinates: (-0.0005,0.0009,0) m -> [14,23,0]
% stop-coordinates: (-0.00043,0.00102,0) m -> [17,26,0]
% t/s	current
3.4755537676e-15	0
4.16684141197e-11	-2.20388951533e-09
8.33333526857e-11	-8.17366707651e-09
1.24998291252e-10	-2.03082066719e-08
1.66663229818e-10	-3.9262062046e-08
2.08328168384e-10	-6.08975838645e-08
2.4999310695e-10	-7.00322289049e-08
2.91658045516e-10	-3.55768534632e-08
3.33322984082e-10	8.96501362035e-08
3.74987922648e-10	3.55983672762e-07
4.16652861214e-10	7.85433996953e-07
4.58317799779e-10	1.32326260882e-06
4.99982738345e-10	1.78919765403e-06
5.41647676911e-10	1.86135116564e-06
5.83312615477e-10	1.13183807571e-06
6.24977554043e-10	-7.43347186472e-07
6.66642492609e-10	-3.82337520932e-06
7.08307431175e-10	-7.67323581385e-06
7.49972369741e-10	-1.12912648547e-05
7.91637308307e-10	-1.32829391077e-05
8.33302246873e-10	-1.23002591863e-05
