% time-domain voltage integration by openEMS v0.0.36-156-g1a4bf9e @Wed Apr 29 13:24:51 2026
% start-coordinates: (-0.00055,0.001,0) m -> [12,25,0]
% stop-coordinates: (-0.00055,0.001,0.001) m -> [12,25,1]
% t/s	voltage
0	-0
4.1664938566e-11	-5.27252552729e-08
8.3329877132e-11	-2.10644856224e-07
1.24994815698e-10	-5.17322405358e-07
1.66659754264e-10	-1.00598958852e-06
2.0832469283e-10	-1.55852922035e-06
2.49989631396e-10	-1.79345329343e-06
2.91654569962e-10	-9.06766047137e-07
3.33319508528e-10	2.30907971854e-06
3.74984447094e-10	9.14322572498e-06
4.1664938566e-10	2.01471757464e-05
4.58314324226e-10	3.38890822604e-05
4.99979262792e-10	4.57070054836e-05
5.41644201358e-10	4.7310582886e-05
5.83309139924e-10	2.82513683487e-05
6.2497407849e-10	-2.01887705771e-05
6.66639017056e-10	-9.92946734186e-05
7.08303955622e-10	-0.000197581553948
7.49968894188e-10	-0.000289054616587
7.91633832754e-10	-0.000337866193149
8.3329877132e-10	-0.000309780647513
