% time-domain voltage integration by openEMS v0.0.36-156-g1a4bf9e @Wed Apr 29 13:24:51 2026
% start-coordinates: (-0.00045,0.001,0) m -> [16,25,0]
% stop-coordinates: (-0.00045,0.001,0.001) m -> [16,25,1]
% t/s	voltage
0	-0
4.1664938566e-11	-8.79337846982e-08
8.3329877132e-11	-2.92976949368e-07
1.24994815698e-10	-6.66142341288e-07
1.66659754264e-10	-1.2141440493e-06
2.0832469283e-10	-1.74550075371e-06
2.49989631396e-10	-1.74702586264e-06
2.91654569962e-10	-2.46571346452e-07
3.33319508528e-10	4.08605637858e-06
3.74984447094e-10	1.2458841411e-05
4.1664938566e-10	2.49491458817e-05
4.58314324226e-10	3.91416542698e-05
4.99979262792e-10	4.90067322971e-05
5.41644201358e-10	4.50011903013e-05
5.83309139924e-10	1.63834538398e-05
6.2497407849e-10	-4.40031544713e-05
6.66639017056e-10	-0.000133625202579
7.08303955622e-10	-0.000235579005675
7.49968894188e-10	-0.000318752718158
7.91633832754e-10	-0.000345161475707
8.3329877132e-10	-0.000283642002614
