% time-domain voltage integration by openEMS v0.0.36-156-g1a4bf9e @Wed Apr 29 13:16:14 2026
% start-coordinates: (-0.00085,0.001,0) m -> [5,25,0]
% stop-coordinates: (-0.00085,0.001,0.001) m -> [5,25,1]
% t/s	voltage
0	-0
4.1664938566e-11	-2.39870825425e-08
8.3329877132e-11	-1.34747295988e-07
1.24994815698e-10	-3.72429099116e-07
1.66659754264e-10	-7.83679524829e-07
2.0832469283e-10	-1.32343097903e-06
2.49989631396e-10	-1.73215198629e-06
2.91654569962e-10	-1.39730843784e-06
3.33319508528e-10	7.23763378119e-07
3.74984447094e-10	5.91716434428e-06
4.1664938566e-10	1.51172898768e-05
4.58314324226e-10	2.78322768281e-05
4.99979262792e-10	4.08579144278e-05
5.41644201358e-10	4.74596308777e-05
5.83309139924e-10	3.79809353035e-05
6.2497407849e-10	2.68401345238e-06
6.66639017056e-10	-6.32585797575e-05
7.08303955622e-10	-0.000154119639774
7.49968894188e-10	-0.000250148907071
7.91633832754e-10	-0.000319375452818
8.3329877132e-10	-0.000326191133354
