% time-domain current integration by openEMS v0.0.36-156-g1a4bf9e @Wed Apr 29 13:16:14 2026
% start-coordinates: (-0.0001,0.0009,0) m -> [18,23,0]
% stop-coordinates: (-3e-05,0.00102,0) m -> [21,26,0]
% t/s	current
3.4755537676e-15	0
4.16684141197e-11	-1.72925584963e-09
8.33333526857e-11	-6.8467356229e-09
1.24998291252e-10	-1.76387615625e-08
1.66663229818e-10	-3.51790205855e-08
2.08328168384e-10	-5.62738122767e-08
2.4999310695e-10	-6.83225493958e-08
2.91658045516e-10	-4.35241744867e-08
3.33322984082e-10	6.18159390342e-08
3.74987922648e-10	2.97600479371e-07
4.16652861214e-10	6.92283663284e-07
4.58317799779e-10	1.20800109471e-06
4.99982738345e-10	1.69169720721e-06
5.41647676911e-10	1.85158216937e-06
5.83312615477e-10	1.29717159325e-06
6.24977554043e-10	-3.3108224784e-07
6.66642492609e-10	-3.15545776175e-06
7.08307431175e-10	-6.84808674123e-06
7.49972369741e-10	-1.05278813862e-05
7.91637308307e-10	-1.2881119801e-05
8.33302246873e-10	-1.25444066725e-05
