% time-domain current integration by openEMS v0.0.36-156-g1a4bf9e @Wed Apr 29 13:16:14 2026
% start-coordinates: (-0.0009,0.0009,0) m -> [3,23,0]
% stop-coordinates: (-0.00083,0.00102,0) m -> [6,26,0]
% t/s	current
3.4755537676e-15	0
4.16684141197e-11	4.93979801508e-10
8.33333526857e-11	2.73034794773e-09
1.24998291252e-10	7.52019335692e-09
1.66663229818e-10	1.57820760904e-08
2.08328168384e-10	2.65880899519e-08
2.4999310695e-10	3.46814417185e-08
2.91658045516e-10	2.77208176414e-08
3.33322984082e-10	-1.52331249836e-08
3.74987922648e-10	-1.19909515206e-07
4.16652861214e-10	-3.04814761876e-07
4.58317799779e-10	-5.59655461529e-07
4.99982738345e-10	-8.196270187e-07
5.41647676911e-10	-9.49257412231e-07
5.83312615477e-10	-7.54998666253e-07
6.24977554043e-10	-4.25633821521e-08
6.66642492609e-10	1.28287479129e-06
7.08307431175e-10	3.10392670144e-06
7.49972369741e-10	5.02246666656e-06
7.91637308307e-10	6.39708378003e-06
8.33302246873e-10	6.51621485304e-06
