% time-domain voltage integration by openEMS v0.0.36-156-g1a4bf9e @Wed Apr 29 13:16:14 2026
% start-coordinates: (-0.00065,0.001,0) m -> [11,25,0]
% stop-coordinates: (-0.00065,0.001,0.001) m -> [11,25,1]
% t/s	voltage
0	-0
4.1664938566e-11	-2.9713625338e-08
8.3329877132e-11	-1.51366037926e-07
1.24994815698e-10	-4.05119408242e-07
1.66659754264e-10	-8.34919433146e-07
2.0832469283e-10	-1.38121276905e-06
2.49989631396e-10	-1.75521745405e-06
2.91654569962e-10	-1.30137561882e-06
3.33319508528e-10	1.06584286641e-06
3.74984447094e-10	6.63976334181e-06
4.1664938566e-10	1.62768519658e-05
4.58314324226e-10	2.92767945211e-05
4.99979262792e-10	4.20972064603e-05
5.41644201358e-10	4.76244167658e-05
5.83309139924e-10	3.5976376239e-05
6.2497407849e-10	-2.40450344791e-06
6.66639017056e-10	-7.15715359547e-05
7.08303955622e-10	-0.00016446589143
7.49968894188e-10	-0.000259819498751
7.91633832754e-10	-0.000324622727931
8.3329877132e-10	-0.000323414540617
