% time-domain current integration by openEMS v0.0.36-156-g1a4bf9e @Wed Apr 29 13:16:14 2026
% start-coordinates: (-0.0007,0.0009,0) m -> [9,23,0]
% stop-coordinates: (-0.00063,0.00102,0) m -> [12,26,0]
% t/s	current
3.4755537676e-15	0
4.16684141197e-11	6.10205774798e-10
8.33333526857e-11	3.06557201846e-09
1.24998291252e-10	8.17815148935e-09
1.66663229818e-10	1.68102882725e-08
2.08328168384e-10	2.77420895145e-08
2.4999310695e-10	3.51277407162e-08
2.91658045516e-10	2.57636330048e-08
3.33322984082e-10	-2.21438103409e-08
3.74987922648e-10	-1.34455504508e-07
4.16652861214e-10	-3.2809481354e-07
4.58317799779e-10	-5.8856915075e-07
4.99982738345e-10	-8.44286262236e-07
5.41647676911e-10	-9.52202583449e-07
5.83312615477e-10	-7.14318957762e-07
6.24977554043e-10	5.99335265861e-08
6.66642492609e-10	1.44976195315e-06
7.08307431175e-10	3.31105366058e-06
7.49972369741e-10	5.21534821019e-06
7.91637308307e-10	6.50064203001e-06
8.33302246873e-10	6.45864065518e-06
