% time-domain voltage integration by openEMS v0.0.36-156-g1a4bf9e @Wed Apr 29 13:16:14 2026
% start-coordinates: (-5e-05,0.001,0) m -> [20,25,0]
% stop-coordinates: (-5e-05,0.001,0.001) m -> [20,25,1]
% t/s	voltage
0	-0
4.1664938566e-11	-1.11263588565e-07
8.3329877132e-11	-3.58843692538e-07
1.24994815698e-10	-7.98811868208e-07
1.66659754264e-10	-1.41771477047e-06
2.0832469283e-10	-1.97713961825e-06
2.49989631396e-10	-1.83549923349e-06
2.91654569962e-10	1.43296119859e-07
3.33319508528e-10	5.46471892449e-06
3.74984447094e-10	1.5360670659e-05
4.1664938566e-10	2.95911977446e-05
4.58314324226e-10	4.49028302683e-05
4.99979262792e-10	5.39090433449e-05
5.41644201358e-10	4.55592744402e-05
5.83309139924e-10	8.22947913548e-06
6.2497407849e-10	-6.44821338938e-05
6.66639017056e-10	-0.000166912126588
7.08303955622e-10	-0.000276815728284
7.49968894188e-10	-0.000357044511475
7.91633832754e-10	-0.00036553532118
8.3329877132e-10	-0.000271831522696
