% time-domain voltage integration by openEMS v0.0.36-156-g1a4bf9e @Wed Apr 29 13:22:38 2026
% start-coordinates: (-0.00065,0.001,0) m -> [11,25,0]
% stop-coordinates: (-0.00065,0.001,0.001) m -> [11,25,1]
% t/s	voltage
0	-0
4.1664938566e-11	-3.85583902585e-08
8.3329877132e-11	-1.72981174273e-07
1.24994815698e-10	-4.46115762998e-07
1.66659754264e-10	-8.98343614608e-07
2.0832469283e-10	-1.44625005305e-06
2.49989631396e-10	-1.77046501904e-06
2.91654569962e-10	-1.1575117469e-06
3.33319508528e-10	1.52085499394e-06
3.74984447094e-10	7.55871860747e-06
4.1664938566e-10	1.7701247998e-05
4.58314324226e-10	3.09804818244e-05
4.99979262792e-10	4.34431422036e-05
5.41644201358e-10	4.75401102449e-05
5.83309139924e-10	3.3175048884e-05
6.2497407849e-10	-8.91127729119e-06
6.66639017056e-10	-8.17646214273e-05
7.08303955622e-10	-0.000176703266334
7.49968894188e-10	-0.00027071184013
7.91633832754e-10	-0.000329710630467
8.3329877132e-10	-0.000318650563713
