% time-domain voltage integration by openEMS v0.0.36-156-g1a4bf9e @Wed Apr 29 13:22:38 2026
% start-coordinates: (-0.00045,0.001,0) m -> [16,25,0]
% stop-coordinates: (-0.00045,0.001,0.001) m -> [16,25,1]
% t/s	voltage
0	-0
4.1664938566e-11	-2.85692394186e-08
8.3329877132e-11	-1.48955052737e-07
1.24994815698e-10	-3.99743157686e-07
1.66659754264e-10	-8.29533291835e-07
2.0832469283e-10	-1.37539439038e-06
2.49989631396e-10	-1.75926629709e-06
2.91654569962e-10	-1.32498519179e-06
3.33319508528e-10	1.00619149634e-06
3.74984447094e-10	6.53403958495e-06
4.1664938566e-10	1.61322313943e-05
4.58314324226e-10	2.91327287414e-05
4.99979262792e-10	4.20362048317e-05
5.41644201358e-10	4.77602770843e-05
5.83309139924e-10	3.64187508239e-05
6.2497407849e-10	-1.61488810591e-06
6.66639017056e-10	-7.05290440237e-05
7.08303955622e-10	-0.000163435019203
7.49968894188e-10	-0.000259197026026
7.91633832754e-10	-0.000324816151988
8.3329877132e-10	-0.000324663531501
