% time-domain current integration by openEMS v0.0.36-156-g1a4bf9e @Wed Apr 29 13:22:38 2026
% start-coordinates: (-0.0007,0.0009,0) m -> [9,23,0]
% stop-coordinates: (-0.00063,0.00102,0) m -> [12,26,0]
% t/s	current
3.4755537676e-15	0
4.16684141197e-11	7.88614118452e-10
8.33333526857e-11	3.50221274203e-09
1.24998291252e-10	9.00198493525e-09
1.66663229818e-10	1.8082426223e-08
2.08328168384e-10	2.90388868507e-08
2.4999310695e-10	3.54115812229e-08
2.91658045516e-10	2.28374119615e-08
3.33322984082e-10	-3.1328234229e-08
3.74987922648e-10	-1.52941879605e-07
4.16652861214e-10	-3.5667380871e-07
4.58317799779e-10	-6.22640698111e-07
4.99982738345e-10	-8.71016652582e-07
5.41647676911e-10	-9.50064986682e-07
5.83312615477e-10	-6.57583541397e-07
6.24977554043e-10	1.90891142893e-07
6.66642492609e-10	1.65426160947e-06
7.08307431175e-10	3.55586689693e-06
7.49972369741e-10	5.43236956219e-06
7.91637308307e-10	6.60061687086e-06
8.33302246873e-10	6.36092727291e-06
