% time-domain current integration by openEMS v0.0.36-156-g1a4bf9e @Wed Apr 29 13:22:38 2026
% start-coordinates: (-0.0005,0.0009,0) m -> [14,23,0]
% stop-coordinates: (-0.00043,0.00102,0) m -> [17,26,0]
% t/s	current
3.4755537676e-15	0
4.16684141197e-11	5.86715231954e-10
8.33333526857e-11	3.01751423848e-09
1.24998291252e-10	8.0695610194e-09
1.66663229818e-10	1.67023976871e-08
2.08328168384e-10	2.76264700005e-08
2.4999310695e-10	3.52111726443e-08
2.91658045516e-10	2.62424144637e-08
3.33322984082e-10	-2.09411457064e-08
3.74987922648e-10	-1.3232852325e-07
4.16652861214e-10	-3.25193298067e-07
4.58317799779e-10	-5.8568929262e-07
4.99982738345e-10	-8.43090617764e-07
5.41647676911e-10	-9.54972961154e-07
5.83312615477e-10	-7.23244852452e-07
6.24977554043e-10	4.40560405934e-08
6.66642492609e-10	1.42885346577e-06
7.08307431175e-10	3.29043996317e-06
7.49972369741e-10	5.20299363416e-06
7.91637308307e-10	6.50469519314e-06
8.33302246873e-10	6.48385184832e-06
