% time-domain voltage integration by openEMS v0.0.36-156-g1a4bf9e @Wed Apr 29 13:22:38 2026
% start-coordinates: (-0.00095,0.001,0) m -> [4,25,0]
% stop-coordinates: (-0.00095,0.001,0.001) m -> [4,25,1]
% t/s	voltage
0	-0
4.1664938566e-11	-1.04436558956e-07
8.3329877132e-11	-3.30645548274e-07
1.24994815698e-10	-7.38546930279e-07
1.66659754264e-10	-1.31908700496e-06
2.0832469283e-10	-1.85017256626e-06
2.49989631396e-10	-1.75256059265e-06
2.91654569962e-10	3.14555563818e-08
3.33319508528e-10	4.90465481562e-06
3.74984447094e-10	1.4056044165e-05
4.1664938566e-10	2.73534533335e-05
4.58314324226e-10	4.19106872869e-05
4.99979262792e-10	5.10043537361e-05
5.41644201358e-10	4.44029428763e-05
5.83309139924e-10	1.1098691175e-05
6.2497407849e-10	-5.5428394262e-05
6.66639017056e-10	-0.000150835898239
7.08303955622e-10	-0.000255475169979
7.49968894188e-10	-0.000335455784807
7.91633832754e-10	-0.000351331953425
8.3329877132e-10	-0.000273059180472
