% time-domain voltage integration by openEMS v0.0.36-156-g1a4bf9e @Wed Apr 29 13:23:45 2026
% start-coordinates: (-0.00085,0.001,0) m -> [5,25,0]
% stop-coordinates: (-0.00085,0.001,0.001) m -> [5,25,1]
% t/s	voltage
0	-0
4.1664938566e-11	-4.01351982759e-08
8.3329877132e-11	-1.77004608304e-07
1.24994815698e-10	-4.54513610748e-07
1.66659754264e-10	-9.10566086532e-07
2.0832469283e-10	-1.46051695538e-06
2.49989631396e-10	-1.77472884388e-06
2.91654569962e-10	-1.13228065857e-06
3.33319508528e-10	1.60803142535e-06
3.74984447094e-10	7.73874489823e-06
4.1664938566e-10	1.79860180651e-05
4.58314324226e-10	3.13282289426e-05
4.99979262792e-10	4.37293965661e-05
5.41644201358e-10	4.75500855828e-05
5.83309139924e-10	3.26449116983e-05
6.2497407849e-10	-1.01911537058e-05
6.66639017056e-10	-8.38056002976e-05
7.08303955622e-10	-0.000179187714821
7.49968894188e-10	-0.000272962090094
7.91633832754e-10	-0.000330818031216
8.3329877132e-10	-0.000317775877193
