% time-domain current integration by openEMS v0.0.36-156-g1a4bf9e @Wed Apr 29 13:23:45 2026
% start-coordinates: (-0.0009,0.0009,0) m -> [3,23,0]
% stop-coordinates: (-0.00083,0.00102,0) m -> [6,26,0]
% t/s	current
3.4755537676e-15	0
4.16684141197e-11	8.20736423268e-10
8.33333526857e-11	3.58292551184e-09
1.24998291252e-10	9.17082942919e-09
1.66663229818e-10	1.8326867135e-08
2.08328168384e-10	2.93232016446e-08
2.4999310695e-10	3.54928708646e-08
2.91658045516e-10	2.23245137931e-08
3.33322984082e-10	-3.30841132268e-08
3.74987922648e-10	-1.56556282604e-07
4.16652861214e-10	-3.62375857321e-07
4.58317799779e-10	-6.29584064882e-07
4.99982738345e-10	-8.76695537499e-07
5.41647676911e-10	-9.50177877712e-07
5.83312615477e-10	-6.46864748433e-07
6.24977554043e-10	2.16597840108e-07
6.66642492609e-10	1.69512554749e-06
7.08307431175e-10	3.60547778655e-06
7.49972369741e-10	5.47712943444e-06
7.91637308307e-10	6.6223756221e-06
8.33302246873e-10	6.34298976365e-06
