% time-domain current integration by openEMS v0.0.36-156-g1a4bf9e @Wed Apr 29 13:23:45 2026
% start-coordinates: (-0.0006,0.0009,0) m -> [10,23,0]
% stop-coordinates: (-0.00053,0.00102,0) m -> [13,26,0]
% t/s	current
3.4755537676e-15	0
4.16684141197e-11	-2.12311657144e-09
8.33333526857e-11	-8.05660249625e-09
1.24998291252e-10	-2.01078531603e-08
1.66663229818e-10	-3.90750010126e-08
2.08328168384e-10	-6.08650196909e-08
2.4999310695e-10	-7.05349378904e-08
2.91658045516e-10	-3.70620476531e-08
3.33322984082e-10	8.67275886662e-08
3.74987922648e-10	3.51648878905e-07
4.16652861214e-10	7.80644825227e-07
4.58317799779e-10	1.32035427214e-06
4.99982738345e-10	1.79176947768e-06
5.41647676911e-10	1.87321552403e-06
5.83312615477e-10	1.15505736176e-06
6.24977554043e-10	-7.10911308488e-07
6.66642492609e-10	-3.7896095364e-06
7.08307431175e-10	-7.65111963119e-06
7.49972369741e-10	-1.12950547191e-05
7.91637308307e-10	-1.3322034647e-05
8.33302246873e-10	-1.23730533232e-05
