% time-domain voltage integration by openEMS v0.0.36-156-g1a4bf9e @Wed Apr 29 13:23:45 2026
% start-coordinates: (-0.00025,0.001,0) m -> [18,25,0]
% stop-coordinates: (-0.00025,0.001,0.001) m -> [18,25,1]
% t/s	voltage
0	-0
4.1664938566e-11	-3.89296310743e-08
8.3329877132e-11	-1.76746709712e-07
1.24994815698e-10	-4.54002588413e-07
1.66659754264e-10	-9.11613767585e-07
2.0832469283e-10	-1.4649433524e-06
2.49989631396e-10	-1.78424056685e-06
2.91654569962e-10	-1.1481151887e-06
3.33319508528e-10	1.59002070177e-06
3.74984447094e-10	7.72926887294e-06
4.1664938566e-10	1.80053320946e-05
4.58314324226e-10	3.14007556881e-05
4.99979262792e-10	4.38717834186e-05
5.41644201358e-10	4.77513531223e-05
5.83309139924e-10	3.28472306137e-05
6.2497407849e-10	-1.00971155916e-05
6.66639017056e-10	-8.39567364892e-05
7.08303955622e-10	-0.000179690978257
7.49968894188e-10	-0.000273818790447
7.91633832754e-10	-0.000331866118358
8.3329877132e-10	-0.000318691250868
