% time-domain voltage integration by openEMS v0.0.36-156-g1a4bf9e @Wed Apr 29 13:23:45 2026
% start-coordinates: (-0.00055,0.001,0) m -> [12,25,0]
% stop-coordinates: (-0.00055,0.001,0.001) m -> [12,25,1]
% t/s	voltage
0	-0
4.1664938566e-11	-9.1978108685e-08
8.3329877132e-11	-2.9882266972e-07
1.24994815698e-10	-6.76187198678e-07
1.66659754264e-10	-1.2236027942e-06
2.0832469283e-10	-1.74736896952e-06
2.49989631396e-10	-1.7222604356e-06
2.91654569962e-10	-1.7273737285e-07
3.33319508528e-10	4.23204073741e-06
3.74984447094e-10	1.26761951833e-05
4.1664938566e-10	2.51906330959e-05
4.58314324226e-10	3.92907168134e-05
4.99979262792e-10	4.88832884002e-05
5.41644201358e-10	4.44127581432e-05
5.83309139924e-10	1.52239317686e-05
6.2497407849e-10	-4.56305242551e-05
6.66639017056e-10	-0.000135328591568
7.08303955622e-10	-0.000236708350712
7.49968894188e-10	-0.000318590871757
7.91633832754e-10	-0.000343228166457
8.3329877132e-10	-0.000280006905086
