% time-domain current integration by openEMS v0.0.36-156-g1a4bf9e @Wed Apr 29 13:21:05 2026
% start-coordinates: (-0.0005,0.0009,0) m -> [8,23,0]
% stop-coordinates: (-0.00043,0.00102,0) m -> [11,26,0]
% t/s	current
3.4755537676e-15	0
4.16684141197e-11	7.36702032711e-10
8.33333526857e-11	3.4370790658e-09
1.24998291252e-10	8.88086493234e-09
1.66663229818e-10	1.79687233981e-08
2.08328168384e-10	2.90162773808e-08
2.4999310695e-10	3.56921390221e-08
2.91658045516e-10	2.3704338048e-08
3.33322984082e-10	-2.96204625272e-08
3.74987922648e-10	-1.50367839069e-07
4.16652861214e-10	-3.53789147312e-07
4.58317799779e-10	-6.20768958015e-07
4.99982738345e-10	-8.72271698427e-07
5.41647676911e-10	-9.56708390731e-07
5.83312615477e-10	-6.70951180837e-07
6.24977554043e-10	1.7185982415e-07
6.66642492609e-10	1.63393383446e-06
7.08307431175e-10	3.54166104444e-06
7.49972369741e-10	5.43263058717e-06
7.91637308307e-10	6.62117963657e-06
8.33302246873e-10	6.40153393761e-06
