% time-domain current integration by openEMS v0.0.36-156-g1a4bf9e @Wed Apr 29 13:21:05 2026
% start-coordinates: (-0.0003,0.0009,0) m -> [16,23,0]
% stop-coordinates: (-0.00023,0.00102,0) m -> [19,26,0]
% t/s	current
3.4755537676e-15	0
4.16684141197e-11	-2.25994933878e-09
8.33333526857e-11	-8.3255402572e-09
1.24998291252e-10	-2.06205772457e-08
1.66663229818e-10	-3.97516686235e-08
2.08328168384e-10	-6.14635666807e-08
2.4999310695e-10	-7.02912217321e-08
2.91658045516e-10	-3.47252466781e-08
3.33322984082e-10	9.28247132492e-08
3.74987922648e-10	3.62816649613e-07
4.16652861214e-10	7.96531651304e-07
4.58317799779e-10	1.33730497964e-06
4.99982738345e-10	1.80159111096e-06
5.41647676911e-10	1.86381851108e-06
5.83312615477e-10	1.11372287392e-06
6.24977554043e-10	-7.91209117779e-07
6.66642492609e-10	-3.9029691834e-06
7.08307431175e-10	-7.77378227212e-06
7.49972369741e-10	-1.13871519716e-05
7.91637308307e-10	-1.33378989631e-05
8.33302246873e-10	-1.22786068459e-05
