% time-domain current integration by openEMS v0.0.36-156-g1a4bf9e @Wed Apr 29 13:21:05 2026
% start-coordinates: (-0.0004,0.0009,0) m -> [12,23,0]
% stop-coordinates: (-0.00033,0.00102,0) m -> [15,26,0]
% t/s	current
3.4755537676e-15	0
4.16684141197e-11	9.60766133318e-10
8.33333526857e-11	3.96924404455e-09
1.24998291252e-10	9.85766046568e-09
1.66663229818e-10	1.93703026952e-08
2.08328168384e-10	3.03357765574e-08
2.4999310695e-10	3.55755176429e-08
2.91658045516e-10	1.96332727853e-08
3.33322984082e-10	-4.10330152079e-08
3.74987922648e-10	-1.72129745124e-07
4.16652861214e-10	-3.85906247402e-07
4.58317799779e-10	-6.56822180645e-07
4.99982738345e-10	-8.96629217095e-07
5.41647676911e-10	-9.44956582316e-07
5.83312615477e-10	-5.95923154378e-07
6.24977554043e-10	3.27850017356e-07
6.66642492609e-10	1.86371107702e-06
7.08307431175e-10	3.80159008273e-06
7.49972369741e-10	5.64342190046e-06
7.91637308307e-10	6.6866459747e-06
8.33302246873e-10	6.24325548415e-06
