% time-domain voltage integration by openEMS v0.0.36-156-g1a4bf9e @Wed Apr 29 13:21:05 2026
% start-coordinates: (-0.00045,0.001,0) m -> [10,25,0]
% stop-coordinates: (-0.00045,0.001,0.001) m -> [10,25,1]
% t/s	voltage
0	-0
4.1664938566e-11	-3.5949248911e-08
8.3329877132e-11	-1.6974527739e-07
1.24994815698e-10	-4.40024166437e-07
1.66659754264e-10	-8.92612092684e-07
2.0832469283e-10	-1.4449540231e-06
2.49989631396e-10	-1.78428308573e-06
2.91654569962e-10	-1.2005929193e-06
3.33319508528e-10	1.4355427993e-06
3.74984447094e-10	7.42963766243e-06
4.1664938566e-10	1.75557652256e-05
4.58314324226e-10	3.08845410473e-05
4.99979262792e-10	4.35027395724e-05
5.41644201358e-10	4.7869340051e-05
5.83309139924e-10	3.38425525115e-05
6.2497407849e-10	-7.95635060058e-06
6.66639017056e-10	-8.07390460977e-05
7.08303955622e-10	-0.000175978231709
7.49968894188e-10	-0.000270707882009
7.91633832754e-10	-0.000330725335516
8.3329877132e-10	-0.000320677529089
