% time-domain voltage integration by openEMS v0.0.36-156-g1a4bf9e @Wed Apr 29 13:21:05 2026
% start-coordinates: (-0.00025,0.001,0) m -> [18,25,0]
% stop-coordinates: (-0.00025,0.001,0.001) m -> [18,25,1]
% t/s	voltage
0	-0
4.1664938566e-11	-8.51645296507e-08
8.3329877132e-11	-2.85454461846e-07
1.24994815698e-10	-6.50598622087e-07
1.66659754264e-10	-1.18973935059e-06
2.0832469283e-10	-1.71712997599e-06
2.49989631396e-10	-1.73373382495e-06
2.91654569962e-10	-2.88278613425e-07
3.33319508528e-10	3.92881520384e-06
3.74984447094e-10	1.21191460494e-05
4.1664938566e-10	2.43959311774e-05
4.58314324226e-10	3.84395498259e-05
4.99979262792e-10	4.83836411149e-05
5.41644201358e-10	4.48694918305e-05
5.83309139924e-10	1.72760210262e-05
6.2497407849e-10	-4.16254915763e-05
6.66639017056e-10	-0.000129657477373
7.08303955622e-10	-0.000230552832363
7.49968894188e-10	-0.000313941971399
7.91633832754e-10	-0.000342378130881
8.3329877132e-10	-0.00028467644006
