% time-domain voltage integration by openEMS v0.0.36-156-g1a4bf9e @Wed Apr 29 13:22:01 2026
% start-coordinates: (-0.00065,0.001,0) m -> [8,25,0]
% stop-coordinates: (-0.00065,0.001,0.001) m -> [8,25,1]
% t/s	voltage
0	-0
4.1664938566e-11	-1.85045525569e-08
8.3329877132e-11	-1.12119067808e-07
1.24994815698e-10	-3.26229042003e-07
1.66659754264e-10	-7.03766431798e-07
2.0832469283e-10	-1.22074629871e-06
2.49989631396e-10	-1.65983124134e-06
2.91654569962e-10	-1.47408445628e-06
3.33319508528e-10	2.95743689094e-07
3.74984447094e-10	4.89435296913e-06
4.1664938566e-10	1.33296707645e-05
4.58314324226e-10	2.53885555139e-05
4.99979262792e-10	3.83891529054e-05
5.41644201358e-10	4.62669158878e-05
5.83309139924e-10	3.9910315536e-05
6.2497407849e-10	9.57823976933e-06
6.66639017056e-10	-5.0509977882e-05
7.08303955622e-10	-0.00013664457947
7.49968894188e-10	-0.000231737300055
7.91633832754e-10	-0.000306126021314
8.3329877132e-10	-0.000324880849803
