% time-domain voltage integration by openEMS v0.0.36-156-g1a4bf9e @Wed Apr 29 13:22:01 2026
% start-coordinates: (0.00095,0.001,0) m -> [31,25,0]
% stop-coordinates: (0.00095,0.001,0.001) m -> [31,25,1]
% t/s	voltage
0	-0
4.1664938566e-11	-1.23693780552e-07
8.3329877132e-11	-3.87774719002e-07
1.24994815698e-10	-8.60587476836e-07
1.66659754264e-10	-1.5146563328e-06
2.0832469283e-10	-2.08710252991e-06
2.49989631396e-10	-1.88648380117e-06
2.91654569962e-10	3.10797872771e-07
3.33319508528e-10	6.08759728493e-06
3.74984447094e-10	1.66996051121e-05
4.1664938566e-10	3.177257895e-05
4.58314324226e-10	4.76749119116e-05
4.99979262792e-10	5.63928479096e-05
5.41644201358e-10	4.61466079287e-05
5.83309139924e-10	4.83564508613e-06
6.2497407849e-10	-7.36951187719e-05
6.66639017056e-10	-0.000182431773283
7.08303955622e-10	-0.000296686048387
7.49968894188e-10	-0.000376404612325
7.91633832754e-10	-0.000377352640498
8.3329877132e-10	-0.000268996867817
