% time-domain current integration by openEMS v0.0.36-156-g1a4bf9e @Wed Apr 29 13:22:01 2026
% start-coordinates: (-0.0007,0.0009,0) m -> [6,23,0]
% stop-coordinates: (-0.00063,0.00102,0) m -> [9,26,0]
% t/s	current
3.4755537676e-15	0
4.16684141197e-11	3.82030657109e-10
8.33333526857e-11	2.27325047675e-09
1.24998291252e-10	6.58873355874e-09
1.66663229818e-10	1.41771705486e-08
2.08328168384e-10	2.45322056003e-08
2.4999310695e-10	3.32517977597e-08
2.91658045516e-10	2.93097883741e-08
3.33322984082e-10	-6.56618981409e-09
3.74987922648e-10	-9.92915758502e-08
4.16652861214e-10	-2.68881763077e-07
4.58317799779e-10	-5.1067121376e-07
4.99982738345e-10	-7.7035429058e-07
5.41647676911e-10	-9.25872996049e-07
5.83312615477e-10	-7.94508309809e-07
6.24977554043e-10	-1.81735714477e-07
6.66642492609e-10	1.02657884327e-06
7.08307431175e-10	2.75361708191e-06
7.49972369741e-10	4.65455514131e-06
7.91637308307e-10	6.13395513938e-06
8.33302246873e-10	6.49331923341e-06
