% time-domain voltage integration by openEMS v0.0.36-156-g1a4bf9e @Wed Apr 29 13:22:01 2026
% start-coordinates: (5e-05,0.001,0) m -> [18,25,0]
% stop-coordinates: (5e-05,0.001,0.001) m -> [18,25,1]
% t/s	voltage
0	-0
4.1664938566e-11	-3.00880849124e-08
8.3329877132e-11	-1.48383563214e-07
1.24994815698e-10	-4.01445049647e-07
1.66659754264e-10	-8.26497910111e-07
2.0832469283e-10	-1.36920971272e-06
2.49989631396e-10	-1.74531407993e-06
2.91654569962e-10	-1.3032406514e-06
3.33319508528e-10	1.02946046354e-06
3.74984447094e-10	6.54115319776e-06
4.1664938566e-10	1.60915660672e-05
4.58314324226e-10	2.90054103971e-05
4.99979262792e-10	4.1795141442e-05
5.41644201358e-10	4.74238586321e-05
5.83309139924e-10	3.60829581041e-05
6.2497407849e-10	-1.76274090791e-06
6.66639017056e-10	-7.02463730704e-05
7.08303955622e-10	-0.000162517622812
7.49968894188e-10	-0.000257614767179
7.91633832754e-10	-0.000322828127537
8.3329877132e-10	-0.000322841340676
