% time-domain current integration by openEMS v0.0.36-156-g1a4bf9e @Wed Apr 29 13:22:01 2026
% start-coordinates: (0.0009,0.0009,0) m -> [29,23,0]
% stop-coordinates: (0.00097,0.00102,0) m -> [32,26,0]
% t/s	current
3.4755537676e-15	0
4.16684141197e-11	-1.47786238802e-09
8.33333526857e-11	-6.26171337004e-09
1.24998291252e-10	-1.63967612821e-08
1.66663229818e-10	-3.32322436236e-08
2.08328168384e-10	-5.40776312619e-08
2.4999310695e-10	-6.73299851428e-08
2.91658045516e-10	-4.69448373508e-08
3.33322984082e-10	4.92287632881e-08
3.74987922648e-10	2.70643397471e-07
4.16652861214e-10	6.48481375265e-07
4.58317799779e-10	1.15250065846e-06
4.99982738345e-10	1.64223592947e-06
5.41647676911e-10	1.8404699631e-06
5.83312615477e-10	1.36614528401e-06
6.24977554043e-10	-1.45429268628e-07
6.66642492609e-10	-2.84380234916e-06
7.08307431175e-10	-6.45016234557e-06
7.49972369741e-10	-1.01415234894e-05
7.91637308307e-10	-1.26472541524e-05
8.33302246873e-10	-1.26049253595e-05
