% time-domain current integration by openEMS v0.0.36-156-g1a4bf9e @Wed Apr 29 13:22:01 2026
% start-coordinates: (0,0.0009,0) m -> [16,23,0]
% stop-coordinates: (7e-05,0.00102,0) m -> [19,26,0]
% t/s	current
3.4755537676e-15	0
4.16684141197e-11	6.17869089226e-10
8.33333526857e-11	3.00525671015e-09
1.24998291252e-10	8.10299649601e-09
1.66663229818e-10	1.66412057467e-08
2.08328168384e-10	2.7500353994e-08
2.4999310695e-10	3.49307853753e-08
2.91658045516e-10	2.58073384884e-08
3.33322984082e-10	-2.14013340383e-08
3.74987922648e-10	-1.32456648316e-07
4.16652861214e-10	-3.24353607084e-07
4.58317799779e-10	-5.83106782415e-07
4.99982738345e-10	-8.38234655021e-07
5.41647676911e-10	-9.48234173848e-07
5.83312615477e-10	-7.16571946668e-07
6.24977554043e-10	4.68909924223e-08
6.66642492609e-10	1.42299677464e-06
7.08307431175e-10	3.27184648086e-06
7.49972369741e-10	5.17113676324e-06
7.91637308307e-10	6.46487160338e-06
8.33302246873e-10	6.44757710688e-06
