% time-domain voltage integration by openEMS v0.0.36-156-g1a4bf9e @Wed Apr 29 13:19:58 2026
% start-coordinates: (-0.00095,0.001,0) m -> [4,25,0]
% stop-coordinates: (-0.00095,0.001,0.001) m -> [4,25,1]
% t/s	voltage
0	-0
4.1664938566e-11	-3.81883822342e-08
8.3329877132e-11	-1.71457585907e-07
1.24994815698e-10	-4.44400939159e-07
1.66659754264e-10	-8.9461434527e-07
2.0832469283e-10	-1.4439598317e-06
2.49989631396e-10	-1.77040760718e-06
2.91654569962e-10	-1.1672243545e-06
3.33319508528e-10	1.49515358316e-06
3.74984447094e-10	7.50947629058e-06
4.1664938566e-10	1.76284574991e-05
4.58314324226e-10	3.08980597765e-05
4.99979262792e-10	4.3385232857e-05
5.41644201358e-10	4.75615270261e-05
5.83309139924e-10	3.3337608329e-05
6.2497407849e-10	-8.56413771544e-06
6.66639017056e-10	-8.12430662336e-05
7.08303955622e-10	-0.000176098401425
7.49968894188e-10	-0.000270197691862
7.91633832754e-10	-0.000329507020069
8.3329877132e-10	-0.000318948441418
