% time-domain current integration by openEMS v0.0.36-156-g1a4bf9e @Wed Apr 29 13:19:58 2026
% start-coordinates: (-0.0006,0.0009,0) m -> [10,23,0]
% stop-coordinates: (-0.00053,0.00102,0) m -> [13,26,0]
% t/s	current
3.4755537676e-15	0
4.16684141197e-11	-2.03633310214e-09
8.33333526857e-11	-7.84384557306e-09
1.24998291252e-10	-1.96893772397e-08
1.66663229818e-10	-3.84616960503e-08
2.08328168384e-10	-6.02168626074e-08
2.4999310695e-10	-7.04188707346e-08
2.91658045516e-10	-3.85321463625e-08
3.33322984082e-10	8.21495120817e-08
3.74987922648e-10	3.42483900795e-07
4.16652861214e-10	7.66563289289e-07
4.58317799779e-10	1.30370381157e-06
4.99982738345e-10	1.77899516984e-06
5.41647676911e-10	1.8749821038e-06
5.83312615477e-10	1.18396519611e-06
6.24977554043e-10	-6.45526029075e-07
6.66642492609e-10	-3.68868063561e-06
7.08307431175e-10	-7.53174299462e-06
7.49972369741e-10	-1.11913159344e-05
7.91637308307e-10	-1.32778186526e-05
8.33302246873e-10	-1.24270572996e-05
