% time-domain voltage integration by openEMS v0.0.36-156-g1a4bf9e @Wed Apr 29 13:19:58 2026
% start-coordinates: (-0.00015,0.001,0) m -> [19,25,0]
% stop-coordinates: (-0.00015,0.001,0.001) m -> [19,25,1]
% t/s	voltage
0	-0
4.1664938566e-11	-3.67005839053e-08
8.3329877132e-11	-1.71072002786e-07
1.24994815698e-10	-4.44057150162e-07
1.66659754264e-10	-8.96231654224e-07
2.0832469283e-10	-1.45034073284e-06
2.49989631396e-10	-1.78341019819e-06
2.91654569962e-10	-1.18801085591e-06
3.33319508528e-10	1.47272123741e-06
3.74984447094e-10	7.50103026803e-06
4.1664938566e-10	1.76615612872e-05
4.58314324226e-10	3.10054674628e-05
4.99979262792e-10	4.35869878856e-05
5.41644201358e-10	4.78381807625e-05
5.83309139924e-10	3.36043340212e-05
6.2497407849e-10	-8.46218517836e-06
6.66639017056e-10	-8.14951490611e-05
7.08303955622e-10	-0.000176846719114
7.49968894188e-10	-0.000271433207672
7.91633832754e-10	-0.000330989365466
8.3329877132e-10	-0.000320212799124
