% time-domain current integration by openEMS v0.0.36-156-g1a4bf9e @Wed Apr 29 13:19:58 2026
% start-coordinates: (-0.0002,0.0009,0) m -> [17,23,0]
% stop-coordinates: (-0.00013,0.00102,0) m -> [20,26,0]
% t/s	current
3.4755537676e-15	0
4.16684141197e-11	7.51844309033e-10
8.33333526857e-11	3.46295614406e-09
1.24998291252e-10	8.96119267679e-09
1.66663229818e-10	1.80397954352e-08
2.08328168384e-10	2.91218427151e-08
2.4999310695e-10	3.56734339846e-08
2.91658045516e-10	2.34523280795e-08
3.33322984082e-10	-3.03578993055e-08
3.74987922648e-10	-1.51780994884e-07
4.16652861214e-10	-3.55876352387e-07
4.58317799779e-10	-6.2314745719e-07
4.99982738345e-10	-8.73913506894e-07
5.41647676911e-10	-9.56061171564e-07
5.83312615477e-10	-6.6621254291e-07
6.24977554043e-10	1.81869467042e-07
6.66642492609e-10	1.64885193499e-06
7.08307431175e-10	3.55874999514e-06
7.49972369741e-10	5.44684280612e-06
7.91637308307e-10	6.62625143377e-06
8.33302246873e-10	6.39222707832e-06
