% time-domain current integration by openEMS v0.0.36-156-g1a4bf9e @Wed Apr 29 13:19:58 2026
% start-coordinates: (-0.001,0.0009,0) m -> [2,23,0]
% stop-coordinates: (-0.00093,0.00102,0) m -> [5,26,0]
% t/s	current
3.4755537676e-15	0
4.16684141197e-11	7.81400666394e-10
8.33333526857e-11	3.47099726739e-09
1.24998291252e-10	8.96743035383e-09
1.66663229818e-10	1.80069985589e-08
2.08328168384e-10	2.89928259178e-08
2.4999310695e-10	3.54116735934e-08
2.91658045516e-10	2.30354348929e-08
3.33322984082e-10	-3.08054488585e-08
3.74987922648e-10	-1.51943638116e-07
4.16652861214e-10	-3.55200910462e-07
4.58317799779e-10	-6.20978994448e-07
4.99982738345e-10	-8.69857331054e-07
5.41647676911e-10	-9.50518483478e-07
5.83312615477e-10	-6.60896546378e-07
6.24977554043e-10	1.83848385404e-07
6.66642492609e-10	1.6437082877e-06
7.08307431175e-10	3.54365943167e-06
7.49972369741e-10	5.42203360965e-06
7.91637308307e-10	6.59659599478e-06
8.33302246873e-10	6.36705499346e-06
