% time-domain voltage integration by openEMS v0.0.36-156-g1a4bf9e @Wed Apr 29 13:19:58 2026
% start-coordinates: (-0.00055,0.001,0) m -> [12,25,0]
% stop-coordinates: (-0.00055,0.001,0.001) m -> [12,25,1]
% t/s	voltage
0	-0
4.1664938566e-11	-9.62578852182e-08
8.3329877132e-11	-3.09382244268e-07
1.24994815698e-10	-6.96991833138e-07
1.66659754264e-10	-1.25419023789e-06
2.0832469283e-10	-1.77988385985e-06
2.49989631396e-10	-1.72857744474e-06
2.91654569962e-10	-1.00454940366e-07
3.33319508528e-10	4.45890464107e-06
3.74984447094e-10	1.31318483909e-05
4.1664938566e-10	2.58925829257e-05
4.58314324226e-10	4.01235520258e-05
4.99979262792e-10	4.95268250233e-05
5.41644201358e-10	4.43356730102e-05
5.83309139924e-10	1.37958868436e-05
6.2497407849e-10	-4.88801015308e-05
6.66639017056e-10	-0.000140360367368
7.08303955622e-10	-0.000242677342612
7.49968894188e-10	-0.000323799438775
7.91633832754e-10	-0.000345483858837
8.3329877132e-10	-0.000277366227238
