% time-domain voltage integration by openEMS v0.0.36-156-g1a4bf9e @Wed Apr 29 13:23:35 2026
% start-coordinates: (-0.00055,0.001,0) m -> [12,25,0]
% stop-coordinates: (-0.00055,0.001,0.001) m -> [12,25,1]
% t/s	voltage
0	-0
4.1664938566e-11	-4.01137967287e-08
8.3329877132e-11	-1.76962672072e-07
1.24994815698e-10	-4.54430249874e-07
1.66659754264e-10	-9.10449784897e-07
2.0832469283e-10	-1.46040565596e-06
2.49989631396e-10	-1.77473759777e-06
2.91654569962e-10	-1.13262126433e-06
3.33319508528e-10	1.60707622854e-06
3.74984447094e-10	7.73692590883e-06
4.1664938566e-10	1.79833368747e-05
4.58314324226e-10	3.13252894557e-05
4.99979262792e-10	4.37274393335e-05
5.41644201358e-10	4.75511769764e-05
5.83309139924e-10	3.26513254549e-05
6.2497407849e-10	-1.01780087789e-05
6.66639017056e-10	-8.37864499772e-05
7.08303955622e-10	-0.000179166439921
7.49968894188e-10	-0.000272945151664
7.91633832754e-10	-0.000330813636538
8.3329877132e-10	-0.000317790196277
