% time-domain voltage integration by openEMS v0.0.36-156-g1a4bf9e @Wed Apr 29 13:23:35 2026
% start-coordinates: (-0.00025,0.001,0) m -> [18,25,0]
% stop-coordinates: (-0.00025,0.001,0.001) m -> [18,25,1]
% t/s	voltage
0	-0
4.1664938566e-11	-2.68968207706e-08
8.3329877132e-11	-1.4404815829e-07
1.24994815698e-10	-3.90714092191e-07
1.66659754264e-10	-8.14239797364e-07
2.0832469283e-10	-1.35923050948e-06
2.49989631396e-10	-1.75180912265e-06
2.91654569962e-10	-1.35248001243e-06
3.33319508528e-10	9.08733568394e-07
3.74984447094e-10	6.32640285403e-06
4.1664938566e-10	1.57978283823e-05
4.58314324226e-10	2.87137318082e-05
4.99979262792e-10	4.16722432419e-05
5.41644201358e-10	4.77016437799e-05
5.83309139924e-10	3.69825938833e-05
6.2497407849e-10	-1.58827958785e-07
6.66639017056e-10	-6.81313686073e-05
7.08303955622e-10	-0.0001604288409
7.49968894188e-10	-0.00025635806378
7.91633832754e-10	-0.000323229120113
8.3329877132e-10	-0.000325385131873
