% time-domain current integration by openEMS v0.0.36-156-g1a4bf9e @Wed Apr 29 13:23:35 2026
% start-coordinates: (-0.0006,0.0009,0) m -> [10,23,0]
% stop-coordinates: (-0.00053,0.00102,0) m -> [13,26,0]
% t/s	current
3.4755537676e-15	0
4.16684141197e-11	8.20308654337e-10
8.33333526857e-11	3.58209950591e-09
1.24998291252e-10	9.16919162819e-09
1.66663229818e-10	1.83245898455e-08
2.08328168384e-10	2.93210611346e-08
2.4999310695e-10	3.54930911328e-08
2.91658045516e-10	2.23312461856e-08
3.33322984082e-10	-3.30653229241e-08
3.74987922648e-10	-1.56520570727e-07
4.16652861214e-10	-3.62323419267e-07
4.58317799779e-10	-6.29526539342e-07
4.99982738345e-10	-8.76657566096e-07
5.41647676911e-10	-9.50200558236e-07
5.83312615477e-10	-6.46991168196e-07
6.24977554043e-10	2.16339770986e-07
6.66642492609e-10	1.69475117673e-06
7.08307431175e-10	3.60506419383e-06
7.49972369741e-10	5.47679928786e-06
7.91637308307e-10	6.62229194859e-06
8.33302246873e-10	6.34327625448e-06
