% time-domain voltage integration by openEMS v0.0.36-156-g1a4bf9e @Wed Apr 29 13:23:35 2026
% start-coordinates: (-0.00085,0.001,0) m -> [5,25,0]
% stop-coordinates: (-0.00085,0.001,0.001) m -> [5,25,1]
% t/s	voltage
0	-0
4.1664938566e-11	-1.0463737965e-07
8.3329877132e-11	-3.31290209488e-07
1.24994815698e-10	-7.40458801829e-07
1.66659754264e-10	-1.32165064315e-06
2.0832469283e-10	-1.85435851563e-06
2.49989631396e-10	-1.75510149347e-06
2.91654569962e-10	3.35411414198e-08
3.33319508528e-10	4.91985747431e-06
3.74984447094e-10	1.40924712468e-05
4.1664938566e-10	2.74178237305e-05
4.58314324226e-10	4.19986536144e-05
4.99979262792e-10	5.10927384312e-05
5.41644201358e-10	4.44441284344e-05
5.83309139924e-10	1.10255714389e-05
6.2497407849e-10	-5.56809864065e-05
6.66639017056e-10	-0.000151296786498
7.08303955622e-10	-0.000256098370301
7.49968894188e-10	-0.000336098193657
7.91633832754e-10	-0.000351771624992
8.3329877132e-10	-0.0002730578708
