% time-domain current integration by openEMS v0.0.36-156-g1a4bf9e @Wed Apr 29 13:23:35 2026
% start-coordinates: (-0.0009,0.0009,0) m -> [3,23,0]
% stop-coordinates: (-0.00083,0.00102,0) m -> [6,26,0]
% t/s	current
3.4755537676e-15	0
4.16684141197e-11	-1.86622983733e-09
8.33333526857e-11	-7.40180938763e-09
1.24998291252e-10	-1.88149442693e-08
1.66663229818e-10	-3.71082506945e-08
2.08328168384e-10	-5.87301798305e-08
2.4999310695e-10	-6.99089994782e-08
2.91658045516e-10	-4.12631564473e-08
3.33322984082e-10	7.28402795858e-08
3.74987922648e-10	3.23151368775e-07
4.16652861214e-10	7.35949470254e-07
4.58317799779e-10	1.26618340346e-06
4.99982738345e-10	1.74785782292e-06
5.41647676911e-10	1.87328350876e-06
5.83312615477e-10	1.24014013636e-06
6.24977554043e-10	-5.0858375289e-07
6.66642492609e-10	-3.4691881865e-06
7.08307431175e-10	-7.2631492003e-06
7.49972369741e-10	-1.09461270767e-05
7.91637308307e-10	-1.31539281938e-05
8.33302246873e-10	-1.25158849187e-05
