% time-domain current integration by openEMS v0.0.36-156-g1a4bf9e @Wed Apr 29 13:23:35 2026
% start-coordinates: (-0.0003,0.0009,0) m -> [16,23,0]
% stop-coordinates: (-0.00023,0.00102,0) m -> [19,26,0]
% t/s	current
3.4755537676e-15	0
4.16684141197e-11	5.52900225603e-10
8.33333526857e-11	2.91801560692e-09
1.24998291252e-10	7.88794007889e-09
1.66663229818e-10	1.63949369636e-08
2.08328168384e-10	2.7303368455e-08
2.4999310695e-10	3.50663640347e-08
2.91658045516e-10	2.68041695506e-08
3.33322984082e-10	-1.8968963289e-08
3.74987922648e-10	-1.28143213374e-07
4.16652861214e-10	-3.18470682714e-07
4.58317799779e-10	-5.7729278069e-07
4.99982738345e-10	-8.35839841784e-07
5.41647676911e-10	-9.5390282695e-07
5.83312615477e-10	-7.3471022688e-07
6.24977554043e-10	1.46835663628e-08
6.66642492609e-10	1.38065468036e-06
7.08307431175e-10	3.23018616655e-06
7.49972369741e-10	5.14630301041e-06
7.91637308307e-10	6.47333035886e-06
8.33302246873e-10	6.49891444482e-06
