% time-domain voltage integration by openEMS v0.0.36-156-g1a4bf9e @Wed Apr 29 13:20:55 2026
% start-coordinates: (-0.00025,0.001,0) m -> [18,25,0]
% stop-coordinates: (-0.00025,0.001,0.001) m -> [18,25,1]
% t/s	voltage
0	-0
4.1664938566e-11	-4.70788741325e-08
8.3329877132e-11	-1.96194690716e-07
1.24994815698e-10	-4.88732098347e-07
1.66659754264e-10	-9.62689455264e-07
2.0832469283e-10	-1.51139511217e-06
2.49989631396e-10	-1.77975789484e-06
2.91654569962e-10	-9.99528424472e-07
3.33319508528e-10	2.00265367312e-06
3.74984447094e-10	8.51430559123e-06
4.1664938566e-10	1.91607505258e-05
4.58314324226e-10	3.26924200635e-05
4.99979262792e-10	4.47353886557e-05
5.41644201358e-10	4.73068866995e-05
5.83309139924e-10	3.01222862618e-05
6.2497407849e-10	-1.57297527039e-05
6.66639017056e-10	-9.22229301068e-05
7.08303955622e-10	-0.000189006343135
7.49968894188e-10	-0.000281322398223
7.91633832754e-10	-0.000334106938681
8.3329877132e-10	-0.000312876101816
