% time-domain current integration by openEMS v0.0.36-156-g1a4bf9e @Wed Apr 29 13:20:55 2026
% start-coordinates: (-0.0003,0.0009,0) m -> [16,23,0]
% stop-coordinates: (-0.00023,0.00102,0) m -> [19,26,0]
% t/s	current
3.4755537676e-15	0
4.16684141197e-11	9.60518109494e-10
8.33333526857e-11	3.96838872874e-09
1.24998291252e-10	9.85636017248e-09
1.66663229818e-10	1.93683700189e-08
2.08328168384e-10	3.0334255996e-08
2.4999310695e-10	3.55761713422e-08
2.91658045516e-10	1.96397689223e-08
3.33322984082e-10	-4.10163139009e-08
3.74987922648e-10	-1.72099106521e-07
4.16652861214e-10	-3.85862790608e-07
4.58317799779e-10	-6.56775569041e-07
4.99982738345e-10	-8.96601591194e-07
5.41647676911e-10	-9.44980797613e-07
5.83312615477e-10	-5.96034283262e-07
6.24977554043e-10	3.27631425989e-07
6.66642492609e-10	1.86339991615e-06
7.08307431175e-10	3.80124629373e-06
7.49972369741e-10	5.64315951124e-06
7.91637308307e-10	6.68659004077e-06
8.33302246873e-10	6.24349877398e-06
