% time-domain current integration by openEMS v0.0.36-156-g1a4bf9e @Wed Apr 29 13:20:55 2026
% start-coordinates: (-0.0004,0.0009,0) m -> [12,23,0]
% stop-coordinates: (-0.00033,0.00102,0) m -> [15,26,0]
% t/s	current
3.4755537676e-15	0
4.16684141197e-11	-2.44441444863e-09
8.33333526857e-11	-8.81073702885e-09
1.24998291252e-10	-2.15347419896e-08
1.66663229818e-10	-4.11099136954e-08
2.08328168384e-10	-6.28631227073e-08
2.4999310695e-10	-7.04870686263e-08
2.91658045516e-10	-3.13811625574e-08
3.33322984082e-10	1.0306792575e-07
3.74987922648e-10	3.83125751569e-07
4.16652861214e-10	8.27540247883e-07
4.58317799779e-10	1.37361882935e-06
4.99982738345e-10	1.82885253253e-06
5.41647676911e-10	1.85847386547e-06
5.83312615477e-10	1.04829291558e-06
6.24977554043e-10	-9.36617539082e-07
6.66642492609e-10	-4.12526696891e-06
7.08307431175e-10	-8.03425427875e-06
7.49972369741e-10	-1.16101682579e-05
7.91637308307e-10	-1.34273641379e-05
8.33302246873e-10	-1.21512339319e-05
