% time-domain voltage integration by openEMS v0.0.36-156-g1a4bf9e @Wed Apr 29 13:20:55 2026
% start-coordinates: (-0.00035,0.001,0) m -> [14,25,0]
% stop-coordinates: (-0.00035,0.001,0.001) m -> [14,25,1]
% t/s	voltage
0	-0
4.1664938566e-11	-7.60824292456e-08
8.3329877132e-11	-2.61340886709e-07
1.24994815698e-10	-6.05134232501e-07
1.66659754264e-10	-1.12192992674e-06
2.0832469283e-10	-1.64689379289e-06
2.49989631396e-10	-1.72276645571e-06
2.91654569962e-10	-4.52916310678e-07
3.33319508528e-10	3.42083285432e-06
3.74984447094e-10	1.11087301775e-05
4.1664938566e-10	2.28491462622e-05
4.58314324226e-10	3.66221793229e-05
4.99979262792e-10	4.7008979891e-05
5.41644201358e-10	4.51121668448e-05
5.83309139924e-10	2.05116011784e-05
6.2497407849e-10	-3.43934370903e-05
6.66639017056e-10	-0.000118567215395
7.08303955622e-10	-0.000217520835577
7.49968894188e-10	-0.000302736414596
7.91633832754e-10	-0.000337804231094
8.3329877132e-10	-0.00029091979377
