% time-domain current integration by openEMS v0.0.36-156-g1a4bf9e @Wed Apr 29 13:20:55 2026
% start-coordinates: (-0.0005,0.0009,0) m -> [8,23,0]
% stop-coordinates: (-0.00043,0.00102,0) m -> [11,26,0]
% t/s	current
3.4755537676e-15	0
4.16684141197e-11	9.67468438695e-10
8.33333526857e-11	3.97196142643e-09
1.24998291252e-10	9.8660271064e-09
1.66663229818e-10	1.93728943998e-08
2.08328168384e-10	3.03266460833e-08
2.4999310695e-10	3.55380720407e-08
2.91658045516e-10	1.95510256873e-08
3.33322984082e-10	-4.11625329377e-08
3.74987922648e-10	-1.72282923927e-07
4.16652861214e-10	-3.86004955999e-07
4.58317799779e-10	-6.56744305161e-07
4.99982738345e-10	-8.96227902558e-07
5.41647676911e-10	-9.44149405768e-07
5.83312615477e-10	-5.94781909058e-07
6.24977554043e-10	3.29010788391e-07
6.66642492609e-10	1.86435590876e-06
7.08307431175e-10	3.80111055165e-06
7.49972369741e-10	5.64141737414e-06
7.91637308307e-10	6.68323309583e-06
8.33302246873e-10	6.23920277576e-06
