% time-domain voltage integration by openEMS v0.0.36-156-g1a4bf9e @Wed Apr 29 13:19:49 2026
% start-coordinates: (-0.00055,0.001,0) m -> [12,25,0]
% stop-coordinates: (-0.00055,0.001,0.001) m -> [12,25,1]
% t/s	voltage
0	-0
4.1664938566e-11	-3.81757452317e-08
8.3329877132e-11	-1.71438273355e-07
1.24994815698e-10	-4.44363479346e-07
1.66659754264e-10	-8.94565971521e-07
2.0832469283e-10	-1.44392424772e-06
2.49989631396e-10	-1.77043807525e-06
2.91654569962e-10	-1.16741716738e-06
3.33319508528e-10	1.49468485233e-06
3.74984447094e-10	7.50865547161e-06
4.1664938566e-10	1.76273442776e-05
4.58314324226e-10	3.08969247271e-05
4.99979262792e-10	4.33847744716e-05
5.41644201358e-10	4.75626220577e-05
5.83309139924e-10	3.33410280291e-05
6.2497407849e-10	-8.55807775224e-06
6.66639017056e-10	-8.12351281638e-05
7.08303955622e-10	-0.000176090557943
7.49968894188e-10	-0.000270192977041
7.91633832754e-10	-0.000329508358845
8.3329877132e-10	-0.000318957667332
