% time-domain current integration by openEMS v0.0.36-156-g1a4bf9e @Wed Apr 29 13:19:49 2026
% start-coordinates: (-0.0002,0.0009,0) m -> [17,23,0]
% stop-coordinates: (-0.00013,0.00102,0) m -> [20,26,0]
% t/s	current
3.4755537676e-15	0
4.16684141197e-11	4.98146912609e-10
8.33333526857e-11	2.73814082519e-09
1.24998291252e-10	7.53396278697e-09
1.66663229818e-10	1.58062061217e-08
2.08328168384e-10	2.66114028591e-08
2.4999310695e-10	3.46875950186e-08
2.91658045516e-10	2.76720619752e-08
3.33322984082e-10	-1.53947663506e-08
3.74987922648e-10	-1.20236023804e-07
4.16652861214e-10	-3.05328939021e-07
4.58317799779e-10	-5.60281989692e-07
4.99982738345e-10	-8.2014958025e-07
5.41647676911e-10	-9.49300442699e-07
5.83312615477e-10	-7.54095822231e-07
6.24977554043e-10	-4.03321855913e-08
6.66642492609e-10	1.28649048747e-06
7.08307431175e-10	3.10843051921e-06
7.49972369741e-10	5.0267167353e-06
7.91637308307e-10	6.39951349513e-06
8.33302246873e-10	6.5152944444e-06
