% time-domain voltage integration by openEMS v0.0.36-156-g1a4bf9e @Wed Apr 29 13:19:49 2026
% start-coordinates: (-0.00015,0.001,0) m -> [19,25,0]
% stop-coordinates: (-0.00015,0.001,0.001) m -> [19,25,1]
% t/s	voltage
0	-0
4.1664938566e-11	-2.42016451324e-08
8.3329877132e-11	-1.35142641966e-07
1.24994815698e-10	-3.73134781739e-07
1.66659754264e-10	-7.84914789165e-07
2.0832469283e-10	-1.3246292383e-06
2.49989631396e-10	-1.73248918145e-06
2.91654569962e-10	-1.39484450301e-06
3.33319508528e-10	7.31987768177e-07
3.74984447094e-10	5.93383492742e-06
4.1664938566e-10	1.51436088345e-05
4.58314324226e-10	2.78644220089e-05
4.99979262792e-10	4.08848609368e-05
5.41644201358e-10	4.74621410831e-05
5.83309139924e-10	3.79350676667e-05
6.2497407849e-10	2.57004330706e-06
6.66639017056e-10	-6.34437092231e-05
7.08303955622e-10	-0.000154350622324
7.49968894188e-10	-0.000250367360422
7.91633832754e-10	-0.000319500919431
8.3329877132e-10	-0.000326144887367
