% time-domain current integration by openEMS v0.0.36-156-g1a4bf9e @Wed Apr 29 13:19:49 2026
% start-coordinates: (-0.0006,0.0009,0) m -> [10,23,0]
% stop-coordinates: (-0.00053,0.00102,0) m -> [13,26,0]
% t/s	current
3.4755537676e-15	0
4.16684141197e-11	7.81158582264e-10
8.33333526857e-11	3.47065154394e-09
1.24998291252e-10	8.96675356188e-09
1.66663229818e-10	1.80061352495e-08
2.08328168384e-10	2.89922130747e-08
2.4999310695e-10	3.54122882129e-08
2.91658045516e-10	2.30390302391e-08
3.33322984082e-10	-3.07968939239e-08
3.74987922648e-10	-1.51928787773e-07
4.16652861214e-10	-3.55180986844e-07
4.58317799779e-10	-6.20960861397e-07
4.99982738345e-10	-8.69850168783e-07
5.41647676911e-10	-9.50539742917e-07
5.83312615477e-10	-6.60959983634e-07
6.24977554043e-10	1.83738677606e-07
6.66642492609e-10	1.64356720234e-06
7.08307431175e-10	3.54352869181e-06
7.49972369741e-10	5.42195812159e-06
7.91637308307e-10	6.59662737235e-06
8.33302246873e-10	6.36723143543e-06
