% time-domain voltage integration by openEMS v0.0.36-156-g1a4bf9e @Wed Apr 29 13:19:49 2026
% start-coordinates: (-0.00095,0.001,0) m -> [4,25,0]
% stop-coordinates: (-0.00095,0.001,0.001) m -> [4,25,1]
% t/s	voltage
0	-0
4.1664938566e-11	-1.10169125378e-07
8.3329877132e-11	-3.45867192664e-07
1.24994815698e-10	-7.70098040448e-07
1.66659754264e-10	-1.36730295708e-06
2.0832469283e-10	-1.90596870198e-06
2.49989631396e-10	-1.77513015842e-06
2.91654569962e-10	1.20592630992e-07
3.33319508528e-10	5.22745995113e-06
3.74984447094e-10	1.47406417454e-05
4.1664938566e-10	2.84554625978e-05
4.58314324226e-10	4.32884553447e-05
4.99979262792e-10	5.21945221408e-05
5.41644201358e-10	4.45805198979e-05
5.83309139924e-10	9.21994069358e-06
6.2497407849e-10	-6.02411200816e-05
6.66639017056e-10	-0.000158730021212
7.08303955622e-10	-0.000265333888819
7.49968894188e-10	-0.000344714790117
7.91633832754e-10	-0.000356426462531
8.3329877132e-10	-0.000270546530373
