% time-domain current integration by openEMS v0.0.36-156-g1a4bf9e @Wed Apr 29 13:19:49 2026
% start-coordinates: (-0.001,0.0009,0) m -> [2,23,0]
% stop-coordinates: (-0.00093,0.00102,0) m -> [5,26,0]
% t/s	current
3.4755537676e-15	0
4.16684141197e-11	-1.75394820889e-09
8.33333526857e-11	-7.10763448097e-09
1.24998291252e-10	-1.82184098918e-08
1.66663229818e-10	-3.61918317537e-08
2.08328168384e-10	-5.76995375923e-08
2.4999310695e-10	-6.95218957958e-08
2.91658045516e-10	-4.30395665774e-08
3.33322984082e-10	6.66247572667e-08
3.74987922648e-10	3.10101142986e-07
4.16652861214e-10	7.15113912975e-07
4.58317799779e-10	1.24036398574e-06
4.99982738345e-10	1.72593377101e-06
5.41647676911e-10	1.87087221093e-06
5.83312615477e-10	1.27678936224e-06
6.24977554043e-10	-4.16712452989e-07
6.66642492609e-10	-3.31993601321e-06
7.08307431175e-10	-7.07822891854e-06
7.49972369741e-10	-1.07742498585e-05
7.91637308307e-10	-1.30620719574e-05
8.33302246873e-10	-1.25679616758e-05
