% time-domain current integration by openEMS v0.0.36-156-g1a4bf9e @Wed Apr 29 13:21:42 2026
% start-coordinates: (0,0.0009,0) m -> [16,23,0]
% stop-coordinates: (7e-05,0.00102,0) m -> [19,26,0]
% t/s	current
3.4755537676e-15	0
4.16684141197e-11	6.97772006841e-10
8.33333526857e-11	3.27039684223e-09
1.24998291252e-10	8.66430127644e-09
1.66663229818e-10	1.75646057698e-08
2.08328168384e-10	2.86416401707e-08
2.4999310695e-10	3.5643637375e-08
2.91658045516e-10	2.46515785562e-08
3.33322984082e-10	-2.67401958354e-08
3.74987922648e-10	-1.44680427638e-07
4.16652861214e-10	-3.4512942193e-07
4.58317799779e-10	-6.10691017755e-07
4.99982738345e-10	-8.64814069246e-07
5.41647676911e-10	-9.58516920946e-07
5.83312615477e-10	-6.89689557021e-07
6.24977554043e-10	1.30708627921e-07
6.66642492609e-10	1.57148087965e-06
7.08307431175e-10	3.46908950632e-06
7.49972369741e-10	5.37149207958e-06
7.91637308307e-10	6.59858733343e-06
8.33302246873e-10	6.44060446575e-06
