% time-domain voltage integration by openEMS v0.0.36-156-g1a4bf9e @Wed Apr 29 13:21:42 2026
% start-coordinates: (5e-05,0.001,0) m -> [18,25,0]
% stop-coordinates: (5e-05,0.001,0.001) m -> [18,25,1]
% t/s	voltage
0	-0
4.1664938566e-11	-3.40086572237e-08
8.3329877132e-11	-1.61516879871e-07
1.24994815698e-10	-4.29318561146e-07
1.66659754264e-10	-8.72476448421e-07
2.0832469283e-10	-1.42627209243e-06
2.49989631396e-10	-1.78149150543e-06
2.91654569962e-10	-1.24701637105e-06
3.33319508528e-10	1.29339719024e-06
3.74984447094e-10	7.14797170076e-06
4.1664938566e-10	1.71257524926e-05
4.58314324226e-10	3.03823799186e-05
4.99979262792e-10	4.31281077908e-05
5.41644201358e-10	4.79521986563e-05
5.83309139924e-10	3.47648528987e-05
6.2497407849e-10	-5.91897423874e-06
6.66639017056e-10	-7.76371743996e-05
7.08303955622e-10	-0.000172363172169
7.49968894188e-10	-0.000267648196314
7.91633832754e-10	-0.0003295710776
8.3329877132e-10	-0.000322586158291
