% time-domain voltage integration by openEMS v0.0.36-156-g1a4bf9e @Wed Apr 29 13:21:42 2026
% start-coordinates: (0.00095,0.001,0) m -> [31,25,0]
% stop-coordinates: (0.00095,0.001,0.001) m -> [31,25,1]
% t/s	voltage
0	-0
4.1664938566e-11	-1.84977668738e-08
8.3329877132e-11	-1.12097637839e-07
1.24994815698e-10	-3.26179815602e-07
1.66659754264e-10	-7.03684463588e-07
2.0832469283e-10	-1.22064216157e-06
2.49989631396e-10	-1.65975723121e-06
2.91654569962e-10	-1.47416903928e-06
3.33319508528e-10	2.95295365049e-07
3.74984447094e-10	4.89329249831e-06
4.1664938566e-10	1.33278344947e-05
4.58314324226e-10	2.53860707744e-05
4.99979262792e-10	3.83866681659e-05
5.41644201358e-10	4.62658281322e-05
5.83309139924e-10	3.99124874093e-05
6.2497407849e-10	9.58551026997e-06
6.66639017056e-10	-5.04968120367e-05
7.08303955622e-10	-0.00013662679703
7.49968894188e-10	-0.000231718993746
7.91633832754e-10	-0.000306113477563
8.3329877132e-10	-0.000324880762491
