% time-domain current integration by openEMS v0.0.36-156-g1a4bf9e @Wed Apr 29 13:21:42 2026
% start-coordinates: (-0.0007,0.0009,0) m -> [6,23,0]
% stop-coordinates: (-0.00063,0.00102,0) m -> [9,26,0]
% t/s	current
3.4755537676e-15	0
4.16684141197e-11	-1.590305998e-09
8.33333526857e-11	-6.5682761452e-09
1.24998291252e-10	-1.70094551777e-08
1.66663229818e-10	-3.42085968441e-08
2.08328168384e-10	-5.51969847606e-08
2.4999310695e-10	-6.78343070604e-08
2.91658045516e-10	-4.52557031849e-08
3.33322984082e-10	5.55299095595e-08
3.74987922648e-10	2.84177815502e-07
4.16652861214e-10	6.70494046062e-07
4.58317799779e-10	1.18039474728e-06
4.99982738345e-10	1.66703023297e-06
5.41647676911e-10	1.8458320028e-06
5.83312615477e-10	1.33101502797e-06
6.24977554043e-10	-2.39399383872e-07
6.66642492609e-10	-3.0010021419e-06
7.08307431175e-10	-6.65003153699e-06
7.49972369741e-10	-1.03341353679e-05
7.91637308307e-10	-1.2761225662e-05
8.33302246873e-10	-1.25690830828e-05
