% time-domain current integration by openEMS v0.0.36-156-g1a4bf9e @Wed Apr 29 13:21:42 2026
% start-coordinates: (0.0009,0.0009,0) m -> [29,23,0]
% stop-coordinates: (0.00097,0.00102,0) m -> [32,26,0]
% t/s	current
3.4755537676e-15	0
4.16684141197e-11	3.81873421773e-10
8.33333526857e-11	2.27276375497e-09
1.24998291252e-10	6.58763177341e-09
1.66663229818e-10	1.4175345342e-08
2.08328168384e-10	2.45298963364e-08
2.4999310695e-10	3.32502416711e-08
2.91658045516e-10	2.93118311845e-08
3.33322984082e-10	-6.55598730859e-09
3.74987922648e-10	-9.92677868794e-08
4.16652861214e-10	-2.6884092108e-07
4.58317799779e-10	-5.10616871452e-07
4.99982738345e-10	-7.7030091461e-07
5.41647676911e-10	-9.25850542899e-07
5.83312615477e-10	-7.94559014139e-07
6.24977554043e-10	-1.8189936668e-07
6.66642492609e-10	1.02628609966e-06
7.08307431175e-10	2.75322668131e-06
7.49972369741e-10	4.65416087536e-06
7.91637308307e-10	6.13368320046e-06
8.33302246873e-10	6.49332832836e-06
