% time-domain voltage integration by openEMS v0.0.36-156-g1a4bf9e @Wed Apr 29 13:21:42 2026
% start-coordinates: (-0.00065,0.001,0) m -> [8,25,0]
% stop-coordinates: (-0.00065,0.001,0.001) m -> [8,25,1]
% t/s	voltage
0	-0
4.1664938566e-11	-1.1813453682e-07
8.3329877132e-11	-3.72603693677e-07
1.24994815698e-10	-8.30151861919e-07
1.66659754264e-10	-1.46602269524e-06
2.0832469283e-10	-2.03109925678e-06
2.49989631396e-10	-1.86059219232e-06
2.91654569962e-10	2.2816902856e-07
3.33319508528e-10	5.77592300033e-06
3.74984447094e-10	1.60276504175e-05
4.1664938566e-10	3.06767469738e-05
4.58314324226e-10	4.62821481051e-05
4.99979262792e-10	5.51480188733e-05
5.41644201358e-10	4.58623762825e-05
5.83309139924e-10	6.56361953588e-06
6.2497407849e-10	-6.90336019034e-05
6.66639017056e-10	-0.000174606248038
7.08303955622e-10	-0.000286708789645
7.49968894188e-10	-0.000366754946299
7.91633832754e-10	-0.000371591799194
8.3329877132e-10	-0.000270690798061
