% time-domain current integration by openEMS v0.0.36-156-g1a4bf9e @Wed Apr 29 13:16:43 2026
% start-coordinates: (-0.0008,0.0009,0) m -> [3,23,0]
% stop-coordinates: (-0.00073,0.00102,0) m -> [6,26,0]
% t/s	current
3.48150831315e-15	0
4.16632099835e-11	-1.57890700514e-10
8.33229384587e-11	-2.3897694934e-10
1.24982666934e-10	-3.12667947089e-10
1.66642395409e-10	-3.60718122039e-10
2.08302123884e-10	2.37883046594e-11
2.4996185236e-10	7.04331393209e-09
2.91621580835e-10	1.73803172743e-07
3.3328130931e-10	4.3137256398e-06
3.74941037785e-10	0.000103702674096
4.1660076626e-10	0.00235966709442
4.58260494736e-10	0.0492218062282
4.99920223211e-10	0.870410859585
5.41579951686e-10	9.44076538086
5.83239680161e-10	-165.219482422
6.24899408636e-10	-16719.0234375
6.66559137112e-10	-801363.375
7.08218865587e-10	-31417474
7.49878594062e-10	-1115747712
7.91538322537e-10	-37274046464
8.33198051012e-10	-1.19259293286e+12
