% time-domain voltage integration by openEMS v0.0.36-156-g1a4bf9e @Wed Apr 29 13:16:43 2026
% start-coordinates: (-0.00075,0.001,0) m -> [5,25,0]
% stop-coordinates: (-0.00075,0.001,0.001) m -> [5,25,1]
% t/s	voltage
0	-0
4.16597284752e-11	8.0021251847e-09
8.33194569504e-11	1.18641576563e-08
1.24979185426e-10	1.55247938949e-08
1.66638913901e-10	1.82489365841e-08
2.08298642376e-10	7.36903871257e-09
2.49958370851e-10	-9.82505667935e-08
2.91618099326e-10	-1.28222814055e-06
3.33277827802e-10	-4.06657545682e-06
3.74937556277e-10	0.000733834458515
4.16597284752e-10	0.0440267212689
4.58257013227e-10	1.87262618542
4.99916741702e-10	69.4797973633
5.41576470178e-10	2387.52587891
5.83236198653e-10	77976.6796875
6.24895927128e-10	2452426
6.66555655603e-10	74837576
7.08215384078e-10	2225790976
7.49875112554e-10	64688861184
7.91534841029e-10	1.83979514266e+12
8.33194569504e-10	5.12214360392e+13
