% time-domain voltage integration by openEMS v0.0.36-156-g1a4bf9e @Wed Apr 29 13:16:43 2026
% start-coordinates: (0.00065,0.001,0) m -> [22,25,0]
% stop-coordinates: (0.00065,0.001,0.001) m -> [22,25,1]
% t/s	voltage
0	-0
4.16597284752e-11	4.05345375043e-08
8.33194569504e-11	7.30546503291e-08
1.24979185426e-10	1.41665637443e-07
1.66638913901e-10	2.10191643646e-07
2.08298642376e-10	2.16037093992e-07
2.49958370851e-10	1.19044720748e-08
2.91618099326e-10	-2.62055527855e-06
3.33277827802e-10	-0.000105766179331
3.74937556277e-10	-0.00414830259979
4.16597284752e-10	-0.14845483005
4.58257013227e-10	-4.98700618744
4.99916741702e-10	-160.222427368
5.41576470178e-10	-4974.65917969
5.83236198653e-10	-150178.125
6.24895927128e-10	-4424176
6.66555655603e-10	-127451088
7.08215384078e-10	-3593805824
7.49875112554e-10	-99190415360
7.91534841029e-10	-2.67721690317e+12
8.33194569504e-10	-7.05188247634e+13
