% time-domain voltage integration by openEMS v0.0.36-156-g1a4bf9e @Wed Apr 29 13:16:43 2026
% start-coordinates: (0.001,0.00075,0) m -> [28,20,0]
% stop-coordinates: (0.001,0.00075,0.001) m -> [28,20,1]
% t/s	voltage
0	-0
4.16597284752e-11	-3.08797467596e-07
8.33194569504e-11	-9.44748137499e-07
1.24979185426e-10	-2.12326654037e-06
1.66638913901e-10	-3.79049970434e-06
2.08298642376e-10	-5.33243701284e-06
2.49958370851e-10	-5.18999513588e-06
2.91618099326e-10	-3.01771819977e-06
3.33277827802e-10	-5.94013617956e-05
3.74937556277e-10	-0.00164579623379
4.16597284752e-10	-0.0356844440103
4.58257013227e-10	-0.655005455017
4.99916741702e-10	-8.12485599518
5.41576470178e-10	67.441192627
5.83236198653e-10	10218.3261719
6.24895927128e-10	516468.8125
6.66555655603e-10	20690316
7.08215384078e-10	743769344
7.49875112554e-10	25048104960
7.91534841029e-10	806219808768
8.33194569504e-10	2.50676206633e+13
