% time-domain current integration by openEMS v0.0.36-156-g1a4bf9e @Wed Apr 29 13:16:43 2026
% start-coordinates: (0.0009,0.0007,0) m -> [26,18,0]
% stop-coordinates: (0.00102,0.00077,0) m -> [29,21,0]
% t/s	current
3.48150831315e-15	0
4.16632099835e-11	2.30991670236e-09
8.33229384587e-11	5.13416242853e-09
1.24982666934e-10	9.38635480452e-09
1.66642395409e-10	1.31640334189e-08
2.08302123884e-10	1.19951195643e-08
2.4996185236e-10	1.43545264564e-09
2.91621580835e-10	8.39060589897e-08
3.3328130931e-10	3.47577406501e-06
3.74941037785e-10	0.000100118602859
4.1660076626e-10	0.00274494942278
4.58260494736e-10	0.0734096542001
4.99920223211e-10	1.91343808174
5.41579951686e-10	48.3989524841
5.83239680161e-10	1179.28881836
6.24899408636e-10	27321.3398438
6.66559137112e-10	586898.75
7.08218865587e-10	11026586
7.49878594062e-10	148682720
7.91538322537e-10	-469424384
8.33198051012e-10	-144330833920
