% time-domain current integration by openEMS v0.0.36-156-g1a4bf9e @Wed Apr 29 13:16:43 2026
% start-coordinates: (0.0006,0.0009,0) m -> [20,23,0]
% stop-coordinates: (0.00067,0.00102,0) m -> [23,26,0]
% t/s	current
3.48150831315e-15	0
4.16632099835e-11	-8.19989298684e-10
8.33229384587e-11	-1.47712297949e-09
1.24982666934e-10	-2.85164425406e-09
1.66642395409e-10	-4.23058921228e-09
2.08302123884e-10	-4.64012117618e-09
2.4996185236e-10	-9.47602529777e-09
2.91621580835e-10	-2.06143084824e-07
3.3328130931e-10	-4.92274511998e-06
3.74941037785e-10	-0.000104040620499
4.1660076626e-10	-0.00186947651673
4.58260494736e-10	-0.0215582735837
4.99920223211e-10	0.28321570158
5.41579951686e-10	32.932723999
5.83239680161e-10	1612.11352539
6.24899408636e-10	63759.8984375
6.66559137112e-10	2275664.75
7.08218865587e-10	76275984
7.49878594062e-10	2446517248
7.91538322537e-10	75860099072
8.33198051012e-10	2.28754168218e+12
