% time-domain current integration by openEMS v0.0.36-156-g1a4bf9e @Wed Apr 29 13:15:54 2026
% start-coordinates: (-0.0001,0.0009,0) m -> [18,23,0]
% stop-coordinates: (-3e-05,0.00102,0) m -> [21,26,0]
% t/s	current
3.4755537676e-15	0
4.16684141197e-11	4.94946528207e-10
8.33333526857e-11	2.73274824991e-09
1.24998291252e-10	7.52553841465e-09
1.66663229818e-10	1.57903237152e-08
2.08328168384e-10	2.65980091285e-08
2.4999310695e-10	3.46864652556e-08
2.91658045516e-10	2.77075002941e-08
3.33322984082e-10	-1.52856376445e-08
3.74987922648e-10	-1.20024253647e-07
4.16652861214e-10	-3.05002828327e-07
4.58317799779e-10	-5.59894715479e-07
4.99982738345e-10	-8.19840749955e-07
5.41647676911e-10	-9.49302432218e-07
5.83312615477e-10	-7.54694212901e-07
6.24977554043e-10	-4.17518286611e-08
6.66642492609e-10	1.28422664147e-06
7.08307431175e-10	3.10563359562e-06
7.49972369741e-10	5.02408511238e-06
7.91637308307e-10	6.39799281998e-06
8.33302246873e-10	6.51581194688e-06
