% time-domain voltage integration by openEMS v0.0.36-156-g1a4bf9e @Wed Apr 29 13:15:54 2026
% start-coordinates: (-5e-05,0.001,0) m -> [20,25,0]
% stop-coordinates: (-5e-05,0.001,0.001) m -> [20,25,1]
% t/s	voltage
0	-0
4.1664938566e-11	-2.40384920858e-08
8.3329877132e-11	-1.34877709002e-07
1.24994815698e-10	-3.72717181563e-07
1.66659754264e-10	-7.84123926678e-07
2.0832469283e-10	-1.32396348818e-06
2.49989631396e-10	-1.73241755874e-06
2.91654569962e-10	-1.3965824337e-06
3.33319508528e-10	7.26603389012e-07
3.74984447094e-10	5.92335436522e-06
4.1664938566e-10	1.51274216478e-05
4.58314324226e-10	2.78451334452e-05
4.99979262792e-10	4.08693558711e-05
5.41644201358e-10	4.746198465e-05
5.83309139924e-10	3.79644407076e-05
6.2497407849e-10	2.64021991825e-06
6.66639017056e-10	-6.33314048173e-05
7.08303955622e-10	-0.000154211535119
7.49968894188e-10	-0.000250235811109
7.91633832754e-10	-0.000319424085319
8.3329877132e-10	-0.00032616907265
