% time-domain current integration by openEMS v0.0.36-156-g1a4bf9e @Wed Apr 29 13:15:54 2026
% start-coordinates: (-0.0009,0.0009,0) m -> [3,23,0]
% stop-coordinates: (-0.00083,0.00102,0) m -> [6,26,0]
% t/s	current
3.4755537676e-15	0
4.16684141197e-11	-1.9414825303e-09
8.33333526857e-11	-7.60547180789e-09
1.24998291252e-10	-1.91883824385e-08
1.66663229818e-10	-3.76775304289e-08
2.08328168384e-10	-5.93114322101e-08
2.4999310695e-10	-7.00051145941e-08
2.91658045516e-10	-3.98955073422e-08
3.33322984082e-10	7.70640156134e-08
3.74987922648e-10	3.31558709377e-07
4.16652861214e-10	7.48827289954e-07
4.58317799779e-10	1.28131898691e-06
4.99982738345e-10	1.75930904334e-06
5.41647676911e-10	1.87126136098e-06
5.83312615477e-10	1.21317054891e-06
6.24977554043e-10	-5.68866767026e-07
6.66642492609e-10	-3.56162627213e-06
7.08307431175e-10	-7.37172422305e-06
7.49972369741e-10	-1.1039376659e-05
7.91637308307e-10	-1.31917286126e-05
8.33302246873e-10	-1.24633170344e-05
