% time-domain voltage integration by openEMS v0.0.36-156-g1a4bf9e @Wed Apr 29 13:15:54 2026
% start-coordinates: (-0.00065,0.001,0) m -> [11,25,0]
% stop-coordinates: (-0.00065,0.001,0.001) m -> [11,25,1]
% t/s	voltage
0	-0
4.1664938566e-11	-4.81477862024e-08
8.3329877132e-11	-1.96958339416e-07
1.24994815698e-10	-4.9414387604e-07
1.66659754264e-10	-9.70027258518e-07
2.0832469283e-10	-1.52466623149e-06
2.49989631396e-10	-1.79164567271e-06
2.91654569962e-10	-1.00105341971e-06
3.33319508528e-10	2.03436252377e-06
3.74984447094e-10	8.60817272041e-06
4.1664938566e-10	1.93428004422e-05
4.58314324226e-10	3.29642680299e-05
4.99979262792e-10	4.50418447144e-05
5.41644201358e-10	4.75164379168e-05
5.83309139924e-10	3.00274186884e-05
6.2497407849e-10	-1.63557997439e-05
6.66639017056e-10	-9.35250791372e-05
7.08303955622e-10	-0.000190915801795
7.49968894188e-10	-0.000283465458779
7.91633832754e-10	-0.000335816759616
8.3329877132e-10	-0.00031335951644
