% time-domain voltage integration by openEMS v0.0.36-156-g1a4bf9e @Wed Apr 29 13:15:54 2026
% start-coordinates: (-0.00085,0.001,0) m -> [5,25,0]
% stop-coordinates: (-0.00085,0.001,0.001) m -> [5,25,1]
% t/s	voltage
0	-0
4.1664938566e-11	-1.00920530599e-07
8.3329877132e-11	-3.21182994867e-07
1.24994815698e-10	-7.21887147392e-07
1.66659754264e-10	-1.29323939291e-06
2.0832469283e-10	-1.82520284397e-06
2.49989631396e-10	-1.74981084911e-06
2.91654569962e-10	-3.37601022693e-08
3.33319508528e-10	4.71047769679e-06
3.74984447094e-10	1.36743437906e-05
4.1664938566e-10	2.67756749963e-05
4.58314324226e-10	4.12415101891e-05
4.99979262792e-10	5.05155403516e-05
5.41644201358e-10	4.45349942311e-05
5.83309139924e-10	1.23586287373e-05
6.2497407849e-10	-5.26838484802e-05
6.66639017056e-10	-0.000146686768858
7.08303955622e-10	-0.00025066791568
7.49968894188e-10	-0.000331414485117
7.91633832754e-10	-0.000349840614945
8.3329877132e-10	-0.000275633181445
