% time-domain current integration by openEMS v0.0.36-156-g1a4bf9e @Wed Apr 29 13:15:54 2026
% start-coordinates: (-0.0007,0.0009,0) m -> [9,23,0]
% stop-coordinates: (-0.00063,0.00102,0) m -> [12,26,0]
% t/s	current
3.4755537676e-15	0
4.16684141197e-11	9.83078729533e-10
8.33333526857e-11	3.98513488875e-09
1.24998291252e-10	9.96761695404e-09
1.66663229818e-10	1.95191471875e-08
2.08328168384e-10	3.06022727159e-08
2.4999310695e-10	3.58120715305e-08
2.91658045516e-10	1.96545659747e-08
3.33322984082e-10	-4.16870165054e-08
3.74987922648e-10	-1.74041900891e-07
4.16652861214e-10	-3.89591264138e-07
4.58317799779e-10	-6.62297793497e-07
4.99982738345e-10	-9.02762906207e-07
5.41647676911e-10	-9.4908182291e-07
5.83312615477e-10	-5.93860590925e-07
6.24977554043e-10	3.40636319152e-07
6.66642492609e-10	1.89007118934e-06
7.08307431175e-10	3.84004670195e-06
7.49972369741e-10	5.68637051401e-06
7.91637308307e-10	6.72063333695e-06
8.33302246873e-10	6.25238135399e-06
