% time-domain voltage integration by openEMS v0.0.36-156-g1a4bf9e @Wed Apr 29 13:16:34 2026
% start-coordinates: (0.00065,0.001,0) m -> [22,25,0]
% stop-coordinates: (0.00065,0.001,0.001) m -> [22,25,1]
% t/s	voltage
0	-0
4.16597284752e-11	-2.97206270261e-07
8.33194569504e-11	-9.23549009713e-07
1.24979185426e-10	-2.08330379792e-06
1.66638913901e-10	-3.73254897568e-06
2.08298642376e-10	-5.25869290868e-06
2.49958370851e-10	-4.6186032705e-06
2.91618099326e-10	1.27010807773e-05
3.33277827802e-10	0.00036732465378
3.74937556277e-10	0.00955705624074
4.16597284752e-10	0.24980700016
4.58257013227e-10	6.36711359024
4.99916741702e-10	156.714004517
5.41576470178e-10	3682.17285156
5.83236198653e-10	80863.5625
6.24895927128e-10	1584629
6.66555655603e-10	24130954
7.08215384078e-10	86801848
7.49875112554e-10	-14337144832
7.91534841029e-10	-868788994048
8.33194569504e-10	-3.70710455255e+13
