% time-domain current integration by openEMS v0.0.36-156-g1a4bf9e @Wed Apr 29 13:16:34 2026
% start-coordinates: (-0.0008,0.0009,0) m -> [3,23,0]
% stop-coordinates: (-0.00073,0.00102,0) m -> [6,26,0]
% t/s	current
3.48150831315e-15	0
4.16632099835e-11	-4.83440232291e-10
8.33229384587e-11	-1.00510255674e-09
1.24982666934e-10	-1.76852610334e-09
1.66642395409e-10	-2.54395216004e-09
2.08302123884e-10	-2.41852360361e-09
2.4996185236e-10	3.02166380806e-09
2.91621580835e-10	1.24117050859e-07
3.3328130931e-10	4.13607722294e-06
3.74941037785e-10	0.000136544578709
4.1660076626e-10	0.00434400700033
4.58260494736e-10	0.133839339018
4.99920223211e-10	4.01398134232
5.41579951686e-10	117.553024292
5.83239680161e-10	3367.64672852
6.24899408636e-10	94441.75
6.66559137112e-10	2592061
7.08218865587e-10	69542536
7.49878594062e-10	1819329536
7.91538322537e-10	46225403904
8.33198051012e-10	1.13273549619e+12
