% time-domain current integration by openEMS v0.0.36-156-g1a4bf9e @Wed Apr 29 13:16:34 2026
% start-coordinates: (0.0009,0.0007,0) m -> [26,18,0]
% stop-coordinates: (0.00102,0.00077,0) m -> [29,21,0]
% t/s	current
3.48150831315e-15	0
4.16632099835e-11	-7.2052308564e-10
8.33229384587e-11	-1.35262712142e-09
1.24982666934e-10	-2.59190668928e-09
1.66642395409e-10	-3.8185956619e-09
2.08302123884e-10	-3.94133614634e-09
2.4996185236e-10	-2.35877006816e-09
2.91621580835e-10	-2.6686590715e-08
3.3328130931e-10	-4.16136060721e-07
3.74941037785e-10	4.22500852437e-06
4.1660076626e-10	0.000586648529861
4.58260494736e-10	0.0294107552618
4.99920223211e-10	1.17451775074
5.41579951686e-10	42.1468505859
5.83239680161e-10	1417.734375
6.24899408636e-10	45592.953125
6.66559137112e-10	1416707.625
7.08218865587e-10	42796128
7.49878594062e-10	1261501568
7.91538322537e-10	36361129984
8.33198051012e-10	1.02584300339e+12
