% time-domain current integration by openEMS v0.0.36-156-g1a4bf9e @Wed Apr 29 13:16:34 2026
% start-coordinates: (0.0006,0.0009,0) m -> [20,23,0]
% stop-coordinates: (0.00067,0.00102,0) m -> [23,26,0]
% t/s	current
3.48150831315e-15	0
4.16632099835e-11	2.07664463403e-09
8.33229384587e-11	4.7076014198e-09
1.24982666934e-10	8.58676685311e-09
1.66642395409e-10	1.20129755032e-08
2.08302123884e-10	1.05594040178e-08
2.4996185236e-10	-1.10994733404e-08
2.91621580835e-10	-3.17697413266e-07
3.3328130931e-10	-9.01680778043e-06
3.74941037785e-10	-0.000275364698609
4.1660076626e-10	-0.00826663244516
4.58260494736e-10	-0.24244889617
4.99920223211e-10	-6.95545101166
5.41579951686e-10	-195.327636719
5.83239680161e-10	-5368.61279297
6.24899408636e-10	-144255
6.66559137112e-10	-3780597
7.08218865587e-10	-96256752
7.49878594062e-10	-2365074432
7.91538322537e-10	-55436992512
8.33198051012e-10	-1.21294500659e+12
