% time-domain voltage integration by openEMS v0.0.36-156-g1a4bf9e @Wed Apr 29 13:16:34 2026
% start-coordinates: (-0.00075,0.001,0) m -> [5,25,0]
% stop-coordinates: (-0.00075,0.001,0.001) m -> [5,25,1]
% t/s	voltage
0	-0
4.16597284752e-11	2.41458302241e-08
8.33194569504e-11	4.98637433566e-08
1.24979185426e-10	8.77811956457e-08
1.66638913901e-10	1.26473338469e-07
2.08298642376e-10	1.15674033907e-07
2.49958370851e-10	-2.67660993813e-07
2.91618099326e-10	-8.37164043332e-06
3.33277827802e-10	-0.000233546539675
3.74937556277e-10	-0.00659483345225
4.16597284752e-10	-0.182976350188
4.58257013227e-10	-4.967420578
4.99916741702e-10	-131.693664551
5.41576470178e-10	-3398.71435547
5.83236198653e-10	-84935.5859375
6.24895927128e-10	-2037077.25
6.66555655603e-10	-46137864
7.08215384078e-10	-954864384
7.49875112554e-10	-16595439616
7.91534841029e-10	-166988169216
8.33194569504e-10	3.87670186394e+12
