% time-domain voltage integration by openEMS v0.0.36-156-g1a4bf9e @Wed Apr 29 13:16:34 2026
% start-coordinates: (0.001,0.00075,0) m -> [28,20,0]
% stop-coordinates: (0.001,0.00075,0.001) m -> [28,20,1]
% t/s	voltage
0	-0
4.16597284752e-11	3.57042964083e-08
8.33194569504e-11	6.71102000638e-08
1.24979185426e-10	1.29136225269e-07
1.66638913901e-10	1.90779417153e-07
2.08298642376e-10	1.91698489971e-07
2.49958370851e-10	-5.53891723598e-08
2.91618099326e-10	-3.22962227983e-06
3.33277827802e-10	-9.32767288759e-05
3.74937556277e-10	-0.00294159539044
4.16597284752e-10	-0.0909666270018
4.58257013227e-10	-2.7389087677
4.99916741702e-10	-80.4980010986
5.41576470178e-10	-2313.87646484
5.83236198653e-10	-65104.640625
6.24895927128e-10	-1792948.75
6.66555655603e-10	-48279432
7.08215384078e-10	-1268312064
7.49875112554e-10	-32384448512
7.91534841029e-10	-798587617280
8.33194569504e-10	-1.88116379894e+13
