% time-domain current integration by openEMS v0.0.36-156-g1a4bf9e @Wed Apr 29 13:16:25 2026
% start-coordinates: (0.0006,0.0009,0) m -> [20,23,0]
% stop-coordinates: (0.00067,0.00102,0) m -> [23,26,0]
% t/s	current
3.48150831315e-15	0
4.16632099835e-11	-3.84173776125e-10
8.33229384587e-11	-8.82660389223e-10
1.24982666934e-10	-1.60128399429e-09
1.66642395409e-10	-2.39044339878e-09
2.08302123884e-10	-3.19548476568e-09
2.4996185236e-10	-2.17585895967e-08
2.91621580835e-10	-5.81862934723e-07
3.3328130931e-10	-1.57707345352e-05
3.74941037785e-10	-0.000413724890677
4.1660076626e-10	-0.0105338869616
4.58260494736e-10	-0.2588070333
4.99920223211e-10	-6.06583309174
5.41579951686e-10	-132.696868896
5.83239680161e-10	-2581.72753906
6.24899408636e-10	-38563
6.66559137112e-10	-99382.15625
7.08218865587e-10	25104348
7.49878594062e-10	1479444736
7.91538322537e-10	62580785152
8.33198051012e-10	2.31533890765e+12
