% time-domain current integration by openEMS v0.0.36-156-g1a4bf9e @Wed Apr 29 13:16:25 2026
% start-coordinates: (0.0009,0.0007,0) m -> [26,18,0]
% stop-coordinates: (0.00102,0.00077,0) m -> [29,21,0]
% t/s	current
3.48150831315e-15	0
4.16632099835e-11	-2.1549861895e-10
8.33229384587e-11	-3.38880645767e-10
1.24982666934e-10	-5.17577869452e-10
1.66642395409e-10	-6.57595811138e-10
2.08302123884e-10	-3.36206951168e-10
2.4996185236e-10	5.1386743749e-09
2.91621580835e-10	1.58056721489e-07
3.3328130931e-10	4.99835687151e-06
3.74941037785e-10	0.000155105692102
4.1660076626e-10	0.00468493532389
4.58260494736e-10	0.138090074062
4.99920223211e-10	3.98007440567
5.41579951686e-10	112.28565979
5.83239680161e-10	3100.70849609
6.24899408636e-10	83735.0625
6.66559137112e-10	2206950.5
7.08218865587e-10	56566804
7.49878594062e-10	1401619584
7.91538322537e-10	33234149376
8.33198051012e-10	740043522048
