% time-domain voltage integration by openEMS v0.0.36-156-g1a4bf9e @Wed Apr 29 13:16:25 2026
% start-coordinates: (0.001,0.00075,0) m -> [28,20,0]
% stop-coordinates: (0.001,0.00075,0.001) m -> [28,20,1]
% t/s	voltage
0	-0
4.16597284752e-11	1.08836211155e-08
8.33194569504e-11	1.68252327626e-08
1.24979185426e-10	2.58242796036e-08
1.66638913901e-10	3.27896714225e-08
2.08298642376e-10	1.48970968894e-08
2.49958370851e-10	-2.78765327266e-07
2.91618099326e-10	-7.26521238903e-06
3.33277827802e-10	-0.000196576365852
3.74937556277e-10	-0.00528461579233
4.16597284752e-10	-0.138808742166
4.58257013227e-10	-3.5440120697
4.99916741702e-10	-87.3849563599
5.41576470178e-10	-2058.3125
5.83236198653e-10	-45372.9296875
6.24895927128e-10	-895263
6.66555655603e-10	-13884137
7.08215384078e-10	-62989260
7.49875112554e-10	7521287168
7.91534841029e-10	469613346816
8.33194569504e-10	2.02203285422e+13
