% time-domain voltage integration by openEMS v0.0.36-156-g1a4bf9e @Wed Apr 29 13:16:25 2026
% start-coordinates: (0.00065,0.001,0) m -> [22,25,0]
% stop-coordinates: (0.00065,0.001,0.001) m -> [22,25,1]
% t/s	voltage
0	-0
4.16597284752e-11	1.91445508335e-08
8.33194569504e-11	4.38059011287e-08
1.24979185426e-10	7.95182444335e-08
1.66638913901e-10	1.18369385405e-07
2.08298642376e-10	1.39086978379e-07
2.49958370851e-10	4.23560720719e-07
2.91618099326e-10	8.56442238728e-06
3.33277827802e-10	0.000172434607521
3.74937556277e-10	0.00263558491133
4.16597284752e-10	0.00937906466424
4.58257013227e-10	-1.57258939743
4.99916741702e-10	-95.184387207
5.41576470178e-10	-4060.19848633
5.83236198653e-10	-150852.890625
6.24895927128e-10	-5188526.5
6.66555655603e-10	-169556416
7.08215384078e-10	-5335221248
7.49875112554e-10	-162872950784
7.91534841029e-10	-4.8458104832e+12
8.33194569504e-10	-1.40883651461e+14
