% time-domain current integration by openEMS v0.0.36-156-g1a4bf9e @Wed Apr 29 13:16:25 2026
% start-coordinates: (-0.0008,0.0009,0) m -> [3,23,0]
% stop-coordinates: (-0.00073,0.00102,0) m -> [6,26,0]
% t/s	current
3.48150831315e-15	0
4.16632099835e-11	1.64228541877e-09
8.33229384587e-11	3.86459220181e-09
1.24982666934e-10	6.84514844806e-09
1.66642395409e-10	9.42537781157e-09
2.08302123884e-10	8.54089421409e-09
2.4996185236e-10	9.72369207375e-09
2.91621580835e-10	3.36748712471e-07
3.3328130931e-10	1.02540825537e-05
3.74941037785e-10	0.000283544592094
4.1660076626e-10	0.00761094130576
4.58260494736e-10	0.199113354087
4.99920223211e-10	5.05866861343
5.41579951686e-10	123.958694458
5.83239680161e-10	2894.54833984
6.24899408636e-10	62958.84375
6.66559137112e-10	1211849.5
7.08218865587e-10	17563648
7.49878594062e-10	16716872
7.91538322537e-10	-13026904064
8.33198051012e-10	-739969335296
