% time-domain voltage integration by openEMS v0.0.36-156-g1a4bf9e @Wed Apr 29 13:16:25 2026
% start-coordinates: (-0.00075,0.001,0) m -> [5,25,0]
% stop-coordinates: (-0.00075,0.001,0.001) m -> [5,25,1]
% t/s	voltage
0	-0
4.16597284752e-11	-2.75919376236e-07
8.33194569504e-11	-8.81871756064e-07
1.24979185426e-10	-1.99678493118e-06
1.66638913901e-10	-3.60376861863e-06
2.08298642376e-10	-5.15379178978e-06
2.49958370851e-10	-5.42438010598e-06
2.91618099326e-10	-9.76865248958e-06
3.33277827802e-10	-0.000210403843084
3.74937556277e-10	-0.0050100684166
4.16597284752e-10	-0.104370139539
4.58257013227e-10	-1.81440937519
4.99916741702e-10	-18.2161140442
5.41576470178e-10	425.753723145
5.83236198653e-10	38236.0703125
6.24895927128e-10	1794570
6.66555655603e-10	69719952
7.08215384078e-10	2463254272
7.49875112554e-10	82002649088
7.91534841029e-10	2.61691644314e+12
8.33194569504e-10	8.08133580554e+13
