% time-domain voltage integration by openEMS v0.0.36-156-g1a4bf9e @Wed Apr 29 13:17:39 2026
% start-coordinates: (-0.00025,0.001,0) m -> [15,25,0]
% stop-coordinates: (-0.00025,0.001,0.001) m -> [15,25,1]
% t/s	voltage
0	-0
4.1664938566e-11	-4.99476868754e-08
8.3329877132e-11	-2.02814817385e-07
1.24994815698e-10	-5.01899421579e-07
1.66659754264e-10	-9.81272705758e-07
2.0832469283e-10	-1.53113410306e-06
2.49989631396e-10	-1.78127618256e-06
2.91654569962e-10	-9.5177347248e-07
3.33319508528e-10	2.1481037038e-06
3.74984447094e-10	8.79966410139e-06
4.1664938566e-10	1.95941684069e-05
4.58314324226e-10	3.3196000004e-05
4.99979262792e-10	4.5106633479e-05
5.41644201358e-10	4.72173123853e-05
5.83309139924e-10	2.91907672363e-05
6.2497407849e-10	-1.77727233677e-05
6.66639017056e-10	-9.53252165345e-05
7.08303955622e-10	-0.000192618215806
7.49968894188e-10	-0.000284387439024
7.91633832754e-10	-0.000335292628733
8.3329877132e-10	-0.00031104098889
