% time-domain voltage integration by openEMS v0.0.36-156-g1a4bf9e @Wed Apr 29 13:17:39 2026
% start-coordinates: (-0.00045,0.001,0) m -> [10,25,0]
% stop-coordinates: (-0.00045,0.001,0.001) m -> [10,25,1]
% t/s	voltage
0	-0
4.1664938566e-11	-3.2803662009e-08
8.3329877132e-11	-1.61319363201e-07
1.24994815698e-10	-4.24386371378e-07
1.66659754264e-10	-8.67804828886e-07
2.0832469283e-10	-1.41951977639e-06
2.49989631396e-10	-1.77680033175e-06
2.91654569962e-10	-1.25451947497e-06
3.33319508528e-10	1.26234590425e-06
3.74984447094e-10	7.07553408574e-06
4.1664938566e-10	1.70035600604e-05
4.58314324226e-10	3.02189419017e-05
4.99979262792e-10	4.29691608588e-05
5.41644201358e-10	4.78851943626e-05
5.83309139924e-10	3.49112451659e-05
6.2497407849e-10	-5.44204976904e-06
6.66639017056e-10	-7.67785968492e-05
7.08303955622e-10	-0.00017120395205
7.49968894188e-10	-0.000266440532869
7.91633832754e-10	-0.000328710826579
8.3329877132e-10	-0.00032250827644
