% time-domain current integration by openEMS v0.0.36-156-g1a4bf9e @Wed Apr 29 13:17:39 2026
% start-coordinates: (-0.0003,0.0009,0) m -> [13,23,0]
% stop-coordinates: (-0.00023,0.00102,0) m -> [16,26,0]
% t/s	current
3.4755537676e-15	0
4.16684141197e-11	1.01873975922e-09
8.33333526857e-11	4.10181089094e-09
1.24998291252e-10	1.01216253157e-08
1.66663229818e-10	1.97410265912e-08
2.08328168384e-10	3.0727903777e-08
2.4999310695e-10	3.55994593804e-08
2.91658045516e-10	1.86676025749e-08
3.33322984082e-10	-4.39541452124e-08
3.74987922648e-10	-1.77844214022e-07
4.16652861214e-10	-3.94563386408e-07
4.58317799779e-10	-6.66849246045e-07
4.99982738345e-10	-9.03964803456e-07
5.41647676911e-10	-9.43037946399e-07
5.83312615477e-10	-5.77163405069e-07
6.24977554043e-10	3.68772901993e-07
6.66642492609e-10	1.92567063095e-06
7.08307431175e-10	3.87352656617e-06
7.49972369741e-10	5.70420797885e-06
7.91637308307e-10	6.70973213346e-06
8.33302246873e-10	6.20599894319e-06
