% time-domain current integration by openEMS v0.0.36-156-g1a4bf9e @Wed Apr 29 13:17:39 2026
% start-coordinates: (-0.0002,0.0009,0) m -> [17,23,0]
% stop-coordinates: (-0.00013,0.00102,0) m -> [20,26,0]
% t/s	current
3.4755537676e-15	0
4.16684141197e-11	-2.23666063448e-09
8.33333526857e-11	-8.28379942419e-09
1.24998291252e-10	-2.05238848139e-08
1.66663229818e-10	-3.96312849205e-08
2.08328168384e-10	-6.13238313463e-08
2.4999310695e-10	-7.02940425867e-08
2.91658045516e-10	-3.50591591314e-08
3.33322984082e-10	9.18092197821e-08
3.74987922648e-10	3.60850293646e-07
4.16652861214e-10	7.93563799562e-07
4.58317799779e-10	1.33388039103e-06
4.99982738345e-10	1.79910921361e-06
5.41647676911e-10	1.86450961337e-06
5.83312615477e-10	1.12018085474e-06
6.24977554043e-10	-7.77196817126e-07
6.66642492609e-10	-3.88178204958e-06
7.08307431175e-10	-7.74920863478e-06
7.49972369741e-10	-1.13663381853e-05
7.91637308307e-10	-1.33298772198e-05
8.33302246873e-10	-1.22910851132e-05
