% time-domain current integration by openEMS v0.0.36-156-g1a4bf9e @Wed Apr 29 13:17:39 2026
% start-coordinates: (-0.0005,0.0009,0) m -> [8,23,0]
% stop-coordinates: (-0.00043,0.00102,0) m -> [11,26,0]
% t/s	current
3.4755537676e-15	0
4.16684141197e-11	6.72987165995e-10
8.33333526857e-11	3.26648574855e-09
1.24998291252e-10	8.56572235364e-09
1.66663229818e-10	1.74697944999e-08
2.08328168384e-10	2.8507832539e-08
2.4999310695e-10	3.55504070626e-08
2.91658045516e-10	2.48048444007e-08
3.33322984082e-10	-2.6114221896e-08
3.74987922648e-10	-1.43225463489e-07
4.16652861214e-10	-3.42680579024e-07
4.58317799779e-10	-6.07423885413e-07
4.99982738345e-10	-8.61648459249e-07
5.41647676911e-10	-9.57207703323e-07
5.83312615477e-10	-6.92663149948e-07
6.24977554043e-10	1.21118375773e-07
6.66642492609e-10	1.55427244408e-06
7.08307431175e-10	3.44591171597e-06
7.49972369741e-10	5.34741002411e-06
7.91637308307e-10	6.58151748212e-06
8.33302246873e-10	6.43922840027e-06
