% time-domain voltage integration by openEMS v0.0.36-156-g1a4bf9e @Wed Apr 29 13:17:39 2026
% start-coordinates: (-0.00015,0.001,0) m -> [19,25,0]
% stop-coordinates: (-0.00015,0.001,0.001) m -> [19,25,1]
% t/s	voltage
0	-0
4.1664938566e-11	-8.63185931621e-08
8.3329877132e-11	-2.87535414145e-07
1.24994815698e-10	-6.55412804917e-07
1.66659754264e-10	-1.19576520774e-06
2.0832469283e-10	-1.72416218902e-06
2.49989631396e-10	-1.73371199708e-06
2.91654569962e-10	-2.71828582754e-07
3.33319508528e-10	3.97927760787e-06
3.74984447094e-10	1.22171422845e-05
4.1664938566e-10	2.45443025051e-05
4.58314324226e-10	3.86113169952e-05
4.99979262792e-10	4.85091950395e-05
5.41644201358e-10	4.48373757536e-05
5.83309139924e-10	1.69560989889e-05
6.2497407849e-10	-4.23236997449e-05
6.66639017056e-10	-0.000130716522108
7.08303955622e-10	-0.000231784477364
7.49968894188e-10	-0.000314990436891
7.91633832754e-10	-0.000342790124705
8.3329877132e-10	-0.000284063891741
