% time-domain voltage integration by openEMS v0.0.36-156-g1a4bf9e @Wed Apr 29 13:20:08 2026
% start-coordinates: (-0.00095,0.001,0) m -> [4,25,0]
% stop-coordinates: (-0.00095,0.001,0.001) m -> [4,25,1]
% t/s	voltage
0	-0
4.1664938566e-11	-2.4170983437e-08
8.3329877132e-11	-1.35064368578e-07
1.24994815698e-10	-3.72959732431e-07
1.66659754264e-10	-7.8464552189e-07
2.0832469283e-10	-1.32430056965e-06
2.49989631396e-10	-1.73232228917e-06
2.91654569962e-10	-1.39527355714e-06
3.33319508528e-10	7.30277179173e-07
3.74984447094e-10	5.93008644501e-06
4.1664938566e-10	1.51374497364e-05
4.58314324226e-10	2.78565712506e-05
4.99979262792e-10	4.08778359997e-05
5.41644201358e-10	4.74605949421e-05
5.83309139924e-10	3.7944977521e-05
6.2497407849e-10	2.5965837267e-06
6.66639017056e-10	-6.3399427745e-05
7.08303955622e-10	-0.000154294582899
7.49968894188e-10	-0.000250314216828
7.91633832754e-10	-0.000319470884278
8.3329877132e-10	-0.000326158158714
