% time-domain voltage integration by openEMS v0.0.36-156-g1a4bf9e @Wed Apr 29 13:20:08 2026
% start-coordinates: (-0.00015,0.001,0) m -> [19,25,0]
% stop-coordinates: (-0.00015,0.001,0.001) m -> [19,25,1]
% t/s	voltage
0	-0
4.1664938566e-11	-1.05649561988e-07
8.3329877132e-11	-3.41030016671e-07
1.24994815698e-10	-7.61816750128e-07
1.66659754264e-10	-1.35847915317e-06
2.0832469283e-10	-1.90583932635e-06
2.49989631396e-10	-1.79687367563e-06
2.91654569962e-10	5.4597990129e-08
3.33319508528e-10	5.10017616762e-06
3.74984447094e-10	1.45529984366e-05
4.1664938566e-10	2.82509208773e-05
4.58314324226e-10	4.31698572356e-05
4.99979262792e-10	5.23170747329e-05
5.41644201358e-10	4.51069499832e-05
5.83309139924e-10	1.02321209852e-05
6.2497407849e-10	-5.88447583141e-05
6.66639017056e-10	-0.000157298956765
7.08303955622e-10	-0.000264429603703
7.49968894188e-10	-0.000344943138771
7.91633832754e-10	-0.000358168908861
8.3329877132e-10	-0.000273703597486
