% time-domain current integration by openEMS v0.0.36-156-g1a4bf9e @Wed Apr 29 13:20:08 2026
% start-coordinates: (-0.0002,0.0009,0) m -> [17,23,0]
% stop-coordinates: (-0.00013,0.00102,0) m -> [20,26,0]
% t/s	current
3.4755537676e-15	0
4.16684141197e-11	-1.84395543279e-09
8.33333526857e-11	-7.20600068504e-09
1.24998291252e-10	-1.8383696343e-08
1.66663229818e-10	-3.63682239879e-08
2.08328168384e-10	-5.76989407364e-08
2.4999310695e-10	-6.9079852949e-08
2.91658045516e-10	-4.17078496184e-08
3.33322984082e-10	6.91853614398e-08
3.74987922648e-10	3.13864859436e-07
4.16652861214e-10	7.19200045296e-07
4.58317799779e-10	1.24270184187e-06
4.99982738345e-10	1.72341151483e-06
5.41647676911e-10	1.86024135473e-06
5.83312615477e-10	1.25644010041e-06
6.24977554043e-10	-4.446985713e-07
6.66642492609e-10	-3.34851392836e-06
7.08307431175e-10	-7.09612731953e-06
7.49972369741e-10	-1.07693867903e-05
7.91637308307e-10	-1.30268872454e-05
8.33302246873e-10	-1.25045617096e-05
