% time-domain current integration by openEMS v0.0.36-156-g1a4bf9e @Wed Apr 29 13:20:08 2026
% start-coordinates: (-0.001,0.0009,0) m -> [2,23,0]
% stop-coordinates: (-0.00093,0.00102,0) m -> [5,26,0]
% t/s	current
3.4755537676e-15	0
4.16684141197e-11	4.97513918951e-10
8.33333526857e-11	2.73656608485e-09
1.24998291252e-10	7.53043938317e-09
1.66663229818e-10	1.58008059969e-08
2.08328168384e-10	2.66048516551e-08
2.4999310695e-10	3.46843442856e-08
2.91658045516e-10	2.7680837178e-08
3.33322984082e-10	-1.5360210881e-08
3.74987922648e-10	-1.20160564165e-07
4.16652861214e-10	-3.0520538985e-07
4.58317799779e-10	-5.60124760796e-07
4.99982738345e-10	-8.20009802283e-07
5.41647676911e-10	-9.49271452555e-07
5.83312615477e-10	-7.54297104777e-07
6.24977554043e-10	-4.08664675433e-08
6.66642492609e-10	1.28560213852e-06
7.08307431175e-10	3.10731002173e-06
7.49972369741e-10	5.02565671923e-06
7.91637308307e-10	6.39892596155e-06
8.33302246873e-10	6.51557093079e-06
