% time-domain voltage integration by openEMS v0.0.36-156-g1a4bf9e @Wed Apr 29 13:20:08 2026
% start-coordinates: (-0.00055,0.001,0) m -> [12,25,0]
% stop-coordinates: (-0.00055,0.001,0.001) m -> [12,25,1]
% t/s	voltage
0	-0
4.1664938566e-11	-3.66537449281e-08
8.3329877132e-11	-1.7097181626e-07
1.24994815698e-10	-4.4383915565e-07
1.66659754264e-10	-8.95908442544e-07
2.0832469283e-10	-1.44997466123e-06
2.49989631396e-10	-1.78328355105e-06
2.91654569962e-10	-1.18866751109e-06
3.33319508528e-10	1.47046944221e-06
3.74984447094e-10	7.49634409658e-06
4.1664938566e-10	1.76541543624e-05
4.58314324226e-10	3.09964671033e-05
4.99979262792e-10	4.3579544581e-05
5.41644201358e-10	4.78380134155e-05
5.83309139924e-10	3.36182492902e-05
6.2497407849e-10	-8.42869849293e-06
6.66639017056e-10	-8.14419399831e-05
7.08303955622e-10	-0.000176782777999
7.49968894188e-10	-0.000271375116426
7.91633832754e-10	-0.000330961716827
8.3329877132e-10	-0.000320237188134
