% time-domain current integration by openEMS v0.0.36-156-g1a4bf9e @Wed Apr 29 13:20:08 2026
% start-coordinates: (-0.0006,0.0009,0) m -> [10,23,0]
% stop-coordinates: (-0.00053,0.00102,0) m -> [13,26,0]
% t/s	current
3.4755537676e-15	0
4.16684141197e-11	7.50908280001e-10
8.33333526857e-11	3.46097150938e-09
1.24998291252e-10	8.95688145874e-09
1.66663229818e-10	1.80334112088e-08
2.08328168384e-10	2.9114659128e-08
2.4999310695e-10	3.56710252447e-08
2.91658045516e-10	2.34654393694e-08
3.33322984082e-10	-3.03132523527e-08
3.74987922648e-10	-1.51688297478e-07
4.16652861214e-10	-3.55730151114e-07
4.58317799779e-10	-6.22970276254e-07
4.99982738345e-10	-8.73767646681e-07
5.41647676911e-10	-9.56059352575e-07
5.83312615477e-10	-6.664890293e-07
6.24977554043e-10	1.81206843308e-07
6.66642492609e-10	1.64780158229e-06
7.08307431175e-10	3.55748738912e-06
7.49972369741e-10	5.44569866179e-06
7.91637308307e-10	6.6257139224e-06
8.33302246873e-10	6.39271638647e-06
