% time-domain current integration by openEMS v0.0.36-156-g1a4bf9e @Wed Apr 29 13:16:04 2026
% start-coordinates: (-0.0007,0.0009,0) m -> [9,23,0]
% stop-coordinates: (-0.00063,0.00102,0) m -> [12,26,0]
% t/s	current
3.4755537676e-15	0
4.16684141197e-11	-2.07455763679e-09
8.33333526857e-11	-7.94758481248e-09
1.24998291252e-10	-1.98706171517e-08
1.66663229818e-10	-3.87271050784e-08
2.08328168384e-10	-6.04675278737e-08
2.4999310695e-10	-7.03988121131e-08
2.91658045516e-10	-3.77707216614e-08
3.33322984082e-10	8.42992449179e-08
3.74987922648e-10	3.46584272393e-07
4.16652861214e-10	7.72618818701e-07
4.58317799779e-10	1.31049034735e-06
4.99982738345e-10	1.78354639502e-06
5.41647676911e-10	1.87266834928e-06
5.83312615477e-10	1.16965168218e-06
6.24977554043e-10	-6.75135652273e-07
6.66642492609e-10	-3.73212242266e-06
7.08307431175e-10	-7.58060195949e-06
7.49972369741e-10	-1.12304333015e-05
7.91637308307e-10	-1.32889581437e-05
8.33302246873e-10	-1.23955642266e-05
