% time-domain current integration by openEMS v0.0.36-156-g1a4bf9e @Wed Apr 29 13:16:04 2026
% start-coordinates: (-0.0001,0.0009,0) m -> [18,23,0]
% stop-coordinates: (-3e-05,0.00102,0) m -> [21,26,0]
% t/s	current
3.4755537676e-15	0
4.16684141197e-11	6.11339201484e-10
8.33333526857e-11	3.06822367513e-09
1.24998291252e-10	8.18393353086e-09
1.66663229818e-10	1.68190616989e-08
2.08328168384e-10	2.775228225e-08
2.4999310695e-10	3.51320892378e-08
2.91658045516e-10	2.57476209242e-08
3.33322984082e-10	-2.22022613627e-08
3.74987922648e-10	-1.3457990633e-07
4.16652861214e-10	-3.28294902374e-07
4.58317799779e-10	-5.88817670177e-07
4.99982738345e-10	-8.44500277708e-07
5.41647676911e-10	-9.52228674578e-07
5.83312615477e-10	-7.13968972832e-07
6.24977554043e-10	6.08178538641e-08
6.66642492609e-10	1.45119952322e-06
7.08307431175e-10	3.31283081323e-06
7.49972369741e-10	5.21698984812e-06
7.91637308307e-10	6.50150241199e-06
8.33302246873e-10	6.45809996058e-06
