% time-domain voltage integration by openEMS v0.0.36-156-g1a4bf9e @Wed Apr 29 13:16:04 2026
% start-coordinates: (-0.00065,0.001,0) m -> [11,25,0]
% stop-coordinates: (-0.00065,0.001,0.001) m -> [11,25,1]
% t/s	voltage
0	-0
4.1664938566e-11	-9.43624769434e-08
8.3329877132e-11	-3.04230695747e-07
1.24994815698e-10	-6.87981355441e-07
1.66659754264e-10	-1.24094094645e-06
2.0832469283e-10	-1.76729190571e-06
2.49989631396e-10	-1.72932539044e-06
2.91654569962e-10	-1.37976371661e-07
3.33319508528e-10	4.35231049778e-06
3.74984447094e-10	1.2927903299e-05
4.1664938566e-10	2.5590594305e-05
4.58314324226e-10	3.97838375648e-05
4.99979262792e-10	4.9296857469e-05
5.41644201358e-10	4.44462966698e-05
5.83309139924e-10	1.45041194628e-05
6.2497407849e-10	-4.7407571401e-05
6.66639017056e-10	-0.000138193543535
7.08303955622e-10	-0.000240233028308
7.49968894188e-10	-0.000321832601912
7.91633832754e-10	-0.000344906758983
8.3329877132e-10	-0.000278916209936
