% time-domain current integration by openEMS v0.0.36-156-g1a4bf9e @Wed Apr 29 13:16:04 2026
% start-coordinates: (-0.0009,0.0009,0) m -> [3,23,0]
% stop-coordinates: (-0.00083,0.00102,0) m -> [6,26,0]
% t/s	current
3.4755537676e-15	0
4.16684141197e-11	9.83186532189e-10
8.33333526857e-11	3.98532140622e-09
1.24998291252e-10	9.96795446184e-09
1.66663229818e-10	1.95195504205e-08
2.08328168384e-10	3.06024965369e-08
2.4999310695e-10	3.58116380994e-08
2.91658045516e-10	1.96526048768e-08
3.33322984082e-10	-4.16914964774e-08
3.74987922648e-10	-1.74049347379e-07
4.16652861214e-10	-3.89600955941e-07
4.58317799779e-10	-6.62306206323e-07
4.99982738345e-10	-9.02764213606e-07
5.41647676911e-10	-9.49068976297e-07
5.83312615477e-10	-5.93827166995e-07
6.24977554043e-10	3.40691258316e-07
6.66642492609e-10	1.89013940144e-06
7.08307431175e-10	3.8401067286e-06
7.49972369741e-10	5.68639688936e-06
7.91637308307e-10	6.72060559737e-06
8.33302246873e-10	6.25228494755e-06
