% time-domain voltage integration by openEMS v0.0.36-156-g1a4bf9e @Wed Apr 29 13:16:04 2026
% start-coordinates: (-5e-05,0.001,0) m -> [20,25,0]
% stop-coordinates: (-5e-05,0.001,0.001) m -> [20,25,1]
% t/s	voltage
0	-0
4.1664938566e-11	-2.97742097644e-08
8.3329877132e-11	-1.51509283342e-07
1.24994815698e-10	-4.05430711226e-07
1.66659754264e-10	-8.35392484078e-07
2.0832469283e-10	-1.38176255859e-06
2.49989631396e-10	-1.75545301317e-06
2.91654569962e-10	-1.30051375891e-06
3.33319508528e-10	1.06899119601e-06
3.74984447094e-10	6.64646722726e-06
4.1664938566e-10	1.62876440299e-05
4.58314324226e-10	2.9290209568e-05
4.99979262792e-10	4.21087461291e-05
5.41644201358e-10	4.76258574054e-05
5.83309139924e-10	3.59575496987e-05
6.2497407849e-10	-2.45214596362e-06
6.66639017056e-10	-7.16490321793e-05
7.08303955622e-10	-0.000164561948623
7.49968894188e-10	-0.000259908440057
7.91633832754e-10	-0.000324669381371
8.3329877132e-10	-0.000323385669617
