% time-domain voltage integration by openEMS v0.0.36-156-g1a4bf9e @Wed Apr 29 13:16:04 2026
% start-coordinates: (-0.00085,0.001,0) m -> [5,25,0]
% stop-coordinates: (-0.00085,0.001,0.001) m -> [5,25,1]
% t/s	voltage
0	-0
4.1664938566e-11	-4.81542841158e-08
8.3329877132e-11	-1.96969637045e-07
1.24994815698e-10	-4.9416365755e-07
1.66659754264e-10	-9.70052042248e-07
2.0832469283e-10	-1.52468055603e-06
2.49989631396e-10	-1.79162088898e-06
2.91654569962e-10	-1.00093757283e-06
3.33319508528e-10	2.03462764148e-06
3.74984447094e-10	8.60861655383e-06
4.1664938566e-10	1.93433734239e-05
4.58314324226e-10	3.29647991748e-05
4.99979262792e-10	4.50419538538e-05
5.41644201358e-10	4.75156884931e-05
5.83309139924e-10	3.00254487229e-05
6.2497407849e-10	-1.63590702869e-05
6.66639017056e-10	-9.35291609494e-05
7.08303955622e-10	-0.000190919468878
7.49968894188e-10	-0.000283467234112
7.91633832754e-10	-0.000335815013386
8.3329877132e-10	-0.000313353812089
