% time-domain current integration by openEMS v0.0.36-156-g1a4bf9e @Wed Apr 29 13:22:58 2026
% start-coordinates: (-0.0007,0.0009,0) m -> [9,23,0]
% stop-coordinates: (-0.00063,0.00102,0) m -> [12,26,0]
% t/s	current
3.4755537676e-15	0
4.16684141197e-11	8.85479689572e-10
8.33333526857e-11	3.80467968242e-09
1.24998291252e-10	9.57607326768e-09
1.66663229818e-10	1.8988437489e-08
2.08328168384e-10	3.00429157107e-08
2.4999310695e-10	3.57860017175e-08
2.91658045516e-10	2.10810853218e-08
3.33322984082e-10	-3.74511266443e-08
3.74987922648e-10	-1.65765882798e-07
4.16652861214e-10	-3.77117117978e-07
4.58317799779e-10	-6.4789520593e-07
4.99982738345e-10	-8.92306502465e-07
5.41647676911e-10	-9.52003517796e-07
5.83312615477e-10	-6.21008609869e-07
6.24977554043e-10	2.81676307168e-07
6.66642492609e-10	1.80101005753e-06
7.08307431175e-10	3.73676039089e-06
7.49972369741e-10	5.59910586162e-06
7.91637308307e-10	6.68731763653e-06
8.33302246873e-10	6.30533986623e-06
