% time-domain voltage integration by openEMS v0.0.36-156-g1a4bf9e @Wed Apr 29 13:22:58 2026
% start-coordinates: (-0.00095,0.001,0) m -> [4,25,0]
% stop-coordinates: (-0.00095,0.001,0.001) m -> [4,25,1]
% t/s	voltage
0	-0
4.1664938566e-11	-2.85438517267e-08
8.3329877132e-11	-1.48887536966e-07
1.24994815698e-10	-3.99603266032e-07
1.66659754264e-10	-8.2931740053e-07
2.0832469283e-10	-1.37514120979e-06
2.49989631396e-10	-1.75916215994e-06
2.91654569962e-10	-1.32537695663e-06
3.33319508528e-10	1.00475085674e-06
3.74984447094e-10	6.53098049952e-06
4.1664938566e-10	1.6127311028e-05
4.58314324226e-10	2.91265532724e-05
4.99979262792e-10	4.20309734182e-05
5.41644201358e-10	4.77596840938e-05
5.83309139924e-10	3.64274746971e-05
6.2497407849e-10	-1.59306614478e-06
6.66639017056e-10	-7.04936537659e-05
7.08303955622e-10	-0.000163391319802
7.49968894188e-10	-0.000259156862739
7.91633832754e-10	-0.000324795546476
8.3329877132e-10	-0.000324677559547
