% time-domain current integration by openEMS v0.0.36-156-g1a4bf9e @Wed Apr 29 13:22:58 2026
% start-coordinates: (-0.0005,0.0009,0) m -> [14,23,0]
% stop-coordinates: (-0.00043,0.00102,0) m -> [17,26,0]
% t/s	current
3.4755537676e-15	0
4.16684141197e-11	-2.05277794763e-09
8.33333526857e-11	-7.77335529278e-09
1.24998291252e-10	-1.95566904893e-08
1.66663229818e-10	-3.81409890338e-08
2.08328168384e-10	-5.97443516881e-08
2.4999310695e-10	-6.98605191474e-08
2.91658045516e-10	-3.8320035145e-08
3.33322984082e-10	8.12343898815e-08
3.74987922648e-10	3.39264147442e-07
4.16652861214e-10	7.59874296818e-07
4.58317799779e-10	1.29325826492e-06
4.99982738345e-10	1.76654884854e-06
5.41647676911e-10	1.86544525604e-06
5.83312615477e-10	1.18538412153e-06
6.24977554043e-10	-6.23801440724e-07
6.66642492609e-10	-3.64011725651e-06
7.08307431175e-10	-7.45791339796e-06
7.49972369741e-10	-1.11060453492e-05
7.91637308307e-10	-1.32071545522e-05
8.33302246873e-10	-1.24030757434e-05
