% time-domain current integration by openEMS v0.0.36-156-g1a4bf9e @Wed Apr 29 13:22:58 2026
% start-coordinates: (-0.001,0.0009,0) m -> [2,23,0]
% stop-coordinates: (-0.00093,0.00102,0) m -> [5,26,0]
% t/s	current
3.4755537676e-15	0
4.16684141197e-11	5.86146575721e-10
8.33333526857e-11	3.01600056041e-09
1.24998291252e-10	8.066457724e-09
1.66663229818e-10	1.66976512617e-08
2.08328168384e-10	2.7620986387e-08
2.4999310695e-10	3.52091262812e-08
2.91658045516e-10	2.62515076344e-08
3.33322984082e-10	-2.09088018011e-08
3.74987922648e-10	-1.32260637997e-07
4.16652861214e-10	-3.25085039776e-07
4.58317799779e-10	-5.85555142152e-07
4.99982738345e-10	-8.42978863602e-07
5.41647676911e-10	-9.54965003075e-07
5.83312615477e-10	-7.23442781236e-07
6.24977554043e-10	4.35715321601e-08
6.66642492609e-10	1.42807516568e-06
7.08307431175e-10	3.28948908646e-06
7.49972369741e-10	5.20212506672e-06
7.91637308307e-10	6.50426500215e-06
8.33302246873e-10	6.48418199489e-06
