% time-domain voltage integration by openEMS v0.0.36-156-g1a4bf9e @Wed Apr 29 13:22:58 2026
% start-coordinates: (-0.00045,0.001,0) m -> [16,25,0]
% stop-coordinates: (-0.00045,0.001,0.001) m -> [16,25,1]
% t/s	voltage
0	-0
4.1664938566e-11	-9.53906749146e-08
8.3329877132e-11	-3.12868053243e-07
1.24994815698e-10	-7.03536443325e-07
1.66659754264e-10	-1.27011571749e-06
2.0832469283e-10	-1.80338508926e-06
2.49989631396e-10	-1.7565574808e-06
2.91654569962e-10	-1.1146835277e-07
3.33319508528e-10	4.50353400083e-06
3.74984447094e-10	1.32908699015e-05
4.1664938566e-10	2.6224359317e-05
4.58314324226e-10	4.06433173339e-05
4.99979262792e-10	5.0148642913e-05
5.41644201358e-10	4.48162354587e-05
5.83309139924e-10	1.37347997224e-05
6.2497407849e-10	-4.99502421007e-05
6.66639017056e-10	-0.000142769276863
7.08303955622e-10	-0.000246352981776
7.49968894188e-10	-0.000328059104504
7.91633832754e-10	-0.000349032343365
8.3329877132e-10	-0.000278601888567
