% time-domain voltage integration by openEMS v0.0.36-156-g1a4bf9e @Wed Apr 29 13:22:58 2026
% start-coordinates: (-0.00065,0.001,0) m -> [11,25,0]
% stop-coordinates: (-0.00065,0.001,0.001) m -> [11,25,1]
% t/s	voltage
0	-0
4.1664938566e-11	-4.33279438994e-08
8.3329877132e-11	-1.88007589941e-07
1.24994815698e-10	-4.74672702921e-07
1.66659754264e-10	-9.43561701661e-07
2.0832469283e-10	-1.49657898874e-06
2.49989631396e-10	-1.7898595388e-06
2.91654569962e-10	-1.07122787085e-06
3.33319508528e-10	1.82442704499e-06
3.74984447094e-10	8.19672095531e-06
4.1664938566e-10	1.87209279829e-05
4.58314324226e-10	3.2243791793e-05
4.99979262792e-10	4.45144323749e-05
5.41644201358e-10	4.76522000099e-05
5.83309139924e-10	3.13691562042e-05
6.2497407849e-10	-1.34253186843e-05
6.66639017056e-10	-8.90847004484e-05
7.08303955622e-10	-0.000185751036042
7.49968894188e-10	-0.000279082276393
7.91633832754e-10	-0.000334110663971
8.3329877132e-10	-0.000315954850521
